0 4 0
0 4 0
0 3 0
0 2 0
0 4 0
50 4 1
50 2 0
50 5 0
50 4 0
50 7 0
100 7 1
100 7 0
100 6 0
100 2 0
100 2 0
100 2 0
100 3 0
100 4 0
100 3 0
100 2 0
100 6 0
100 5 0
150 6 1
150 3 0
150 6 0
150 3 0
150 2 0
150 4 0
200 5 1
200 4 0
200 3 0
200 3 0
200 3 0
200 3 0
200 3 0
200 3 0
200 6 0
200 2 0
200 5 0
250 4 1
250 6 0
250 8 0
372 8 2
372 2 0
372 2 0
372 4 0
372 3 0
372 4 0
458 4 2
458 2 0
458 6 0
458 2 0
458 2 0
458 4 0
458 3 0
458 3 0
458 5 0
458 4 0
458 4 0
458 4 0
458 2 0
458 4 0
458 6 0
508 5 1
508 3 0
508 5 0
508 8 0
508 5 0
508 7 0
508 4 0
508 3 0
508 4 0
508 3 0
508 3 0
508 4 0
508 4 0
508 4 0
508 4 0
508 5 0
508 7 0
508 2 0
508 4 0
508 4 0
508 2 0
508 6 0
508 3 0
508 3 0
508 2 0
508 4 0
508 2 0
508 6 0
508 4 0
508 2 0
558 3 1
558 3 0
558 4 0
558 6 0
608 4 1
608 4 0
608 3 0
608 6 0
608 2 0
658 7 1
658 7 0
658 2 0
658 4 0
658 4 0
658 3 0
658 5 0
708 5 1
708 6 0
708 4 0
708 3 0
708 4 0
708 6 0
708 4 0
708 4 0
708 6 0
708 4 0
708 4 0
708 4 0
708 3 0
708 6 0
708 4 0
708 5 0
708 3 0
708 5 0
708 8 0
708 6 0
758 7 1
758 6 0
758 4 0
758 2 0
758 4 0
758 8 0
808 6 1
808 3 0
808 2 0
808 5 0
808 3 0
858 6 1
858 4 0
858 3 0
858 3 0
858 4 0
858 2 0
858 3 0
858 5 0
858 4 0
908 4 1
908 4 0
908 6 0
908 2 0
908 2 0
908 4 0
908 2 0
908 5 0
908 3 0
908 6 0
908 6 0
908 2 0
908 4 0
908 5 0
908 4 0
908 6 0
908 7 0
908 4 0
908 4 0
908 4 0
908 5 0
908 7 0
908 4 0
908 7 0
908 3 0
908 6 0
908 2 0
908 6 0
908 4 0
908 2 0
908 5 0
908 6 0
908 3 0
908 2 0
908 3 0
908 6 0
908 2 0
908 4 0
908 2 0
908 3 0
908 3 0
908 4 0
908 3 0
908 3 0
908 4 0
908 2 0
908 3 0
908 6 0
908 2 0
958 7 1
958 2 0
958 2 0
1008 7 1
1008 5 0
1008 4 0
1008 5 0
1008 2 0
1008 2 0
1008 5 0
1008 4 0
1008 6 0
1008 4 0
1008 4 0
1008 3 0
1008 3 0
1008 3 0
1008 2 0
1008 7 0
1058 5 1
1058 3 0
1058 6 0
1058 2 0
1108 5 1
1108 3 0
1108 6 0
1108 4 0
1108 2 0
1108 2 0
1108 5 0
1108 7 0
1108 4 0
1108 2 0
1108 3 0
1108 3 0
1108 3 0
1108 4 0
1108 3 0
1108 5 0
1108 7 0
1108 4 0
1108 3 0
1108 4 0
1108 4 0
1108 2 0
1108 4 0
1108 4 0
1108 6 0
1108 6 0
1108 6 0
1108 5 0
1108 3 0
1158 8 1
1158 3 0
1208 4 1
1208 3 0
1208 3 0
1208 4 0
1208 4 0
1208 6 0
1208 4 0
1208 5 0
1208 5 0
1208 3 0
1208 4 0
1208 3 0
1208 2 0
1208 7 0
1208 7 0
1208 2 0
1208 4 0
1208 5 0
1208 6 0
1208 6 0
1208 6 0
1208 2 0
1208 3 0
1208 6 0
1208 4 0
1208 3 0
1208 3 0
1208 6 0
1258 6 1
1258 3 0
1258 3 0
1258 4 0
1258 6 0
1258 6 0
1258 4 0
1258 4 0
1258 2 0
1258 3 0
1258 5 0
1258 2 0
1258 3 0
1258 5 0
1258 7 0
1258 8 0
1258 3 0
1258 3 0
1258 3 0
1258 3 0
1258 4 0
1258 2 0
1258 4 0
1258 3 0
1258 6 0
1258 5 0
1258 6 0
1258 4 0
1258 4 0
1258 4 0
1258 3 0
1258 2 0
1258 2 0
1308 5 1
1308 3 0
1308 4 0
1308 5 0
1308 3 0
1308 4 0
1308 5 0
1308 5 0
1358 5 1
1358 4 0
1358 4 0
1358 3 0
1358 2 0
1358 4 0
1358 4 0
1358 3 0
1358 3 0
1358 3 0
1358 4 0
1358 2 0
1358 6 0
1358 4 0
1358 3 0
1444 4 2
1444 4 0
1444 4 0
1444 6 0
1494 4 1
1494 3 0
1494 5 0
1544 3 1
1544 7 0
1544 4 0
1594 3 1
1594 4 0
1594 5 0
1594 3 0
1644 8 1
1644 7 0
1644 4 0
1644 2 0
1644 5 0
1644 5 0
1644 4 0
1644 5 0
1644 3 0
1644 5 0
1644 4 0
1644 4 0
1644 3 0
1644 2 0
1644 3 0
1644 2 0
1694 8 1
1694 2 0
1694 6 0
1694 3 0
1694 8 0
1694 2 0
1744 6 1
1839 5 2
1839 2 0
1839 3 0
1889 5 1
1889 3 0
1889 3 0
1889 6 0
1889 5 0
1889 7 0
1889 5 0
1889 4 0
1889 4 0
1889 6 0
1889 8 0
1889 7 0
1889 4 0
1889 4 0
1889 4 0
1889 6 0
1889 4 0
1889 2 0
1889 4 0
1889 7 0
1939 3 1
1939 2 0
1939 7 0
1939 2 0
1939 2 0
1939 4 0
1939 4 0
1939 4 0
1939 7 0
1989 3 1
1989 2 0
1989 2 0
1989 4 0
1989 4 0
1989 3 0
2093 6 2
2093 5 0
2093 8 0
2093 4 0
2093 5 0
2093 4 0
2093 3 0
2093 4 0
2143 5 1
2143 2 0
2143 3 0
2143 6 0
2143 4 0
2143 2 0
2143 4 0
2193 6 1
2193 3 0
2193 8 0
2193 4 0
2193 7 0
2193 7 0
2193 4 0
2193 3 0
2193 6 0
2193 2 0
2193 4 0
2193 5 0
2193 3 0
2243 6 1
2243 5 0
2293 4 1
2293 7 0
2293 3 0
2293 4 0
2293 3 0
2293 4 0
2293 4 0
2293 2 0
2293 3 0
2293 2 0
2293 3 0
2293 4 0
2343 5 1
2343 3 0
2393 4 1
2393 5 0
2393 3 0
2393 6 0
2393 4 0
2393 4 0
2393 2 0
2393 6 0
2393 5 0
2393 5 0
2393 4 0
2393 4 0
2393 2 0
2443 4 1
2443 6 0
2443 2 0
2443 4 0
2493 4 1
2493 3 0
2588 5 2
2638 5 1
2638 3 0
2638 4 0
2638 5 0
2638 2 0
2688 3 1
2688 5 0
2688 2 0
2688 5 0
2688 4 0
2688 5 0
2688 8 0
2688 3 0
2688 4 0
2688 3 0
2688 3 0
2688 7 0
2688 3 0
2688 3 0
2688 4 0
2688 5 0
2688 4 0
2688 6 0
2688 4 0
2688 2 0
2688 5 0
2688 5 0
2688 2 0
2688 5 0
2738 8 1
2738 2 0
2738 7 0
2738 7 0
2738 2 0
2738 5 0
2738 2 0
2738 5 0
2738 4 0
2738 3 0
2738 3 0
2738 4 0
2788 6 1
2788 3 0
2788 4 0
2892 6 2
2892 3 0
2892 2 0
2892 2 0
2892 4 0
2892 4 0
2892 4 0
2892 4 0
2892 4 0
2892 5 0
2892 5 0
2892 7 0
2892 3 0
2892 5 0
2892 3 0
2892 2 0
2892 7 0
2892 2 0
2892 5 0
2892 5 0
2892 2 0
2892 3 0
2942 5 1
2942 4 0
2942 3 0
2942 5 0
2942 5 0
2942 4 0
2942 7 0
2942 6 0
2992 3 1
2992 2 0
2992 4 0
2992 2 0
2992 2 0
2992 3 0
2992 4 0
3042 6 1
3042 7 0
3042 6 0
3042 7 0
3042 2 0
3042 3 0
3092 5 1
3169 3 2
3169 6 0
3169 4 0
3169 2 0
3219 5 1
3219 7 0
3219 6 0
3219 3 0
3219 4 0
3219 4 0
3219 4 0
3219 5 0
3219 2 0
3219 3 0
3219 4 0
3219 4 0
3269 7 1
3269 8 0
3269 4 0
3269 2 0
3319 7 1
3319 3 0
3319 4 0
3319 4 0
3319 4 0
3319 3 0
3319 4 0
3319 5 0
3319 4 0
3319 5 0
3319 5 0
3432 7 2
3432 2 0
3432 4 0
3432 5 0
3432 2 0
3432 3 0
3432 4 0
3432 6 0
3432 4 0
3482 7 1
3482 5 0
3482 3 0
3482 3 0
3482 3 0
3482 5 0
3482 5 0
3482 2 0
3482 4 0
3482 4 0
3532 7 1
3532 4 0
3532 4 0
3532 4 0
3532 6 0
3532 4 0
3532 3 0
3532 7 0
3582 4 1
3582 4 0
3659 3 2
3709 5 1
3804 5 2
3854 4 1
3854 5 0
3904 6 1
3904 3 0
3904 7 0
3904 3 0
3904 4 0
3954 7 1
3954 3 0
3954 5 0
3954 8 0
4004 3 1
4081 3 2
4081 4 0
4081 3 0
4081 4 0
4081 7 0
4081 4 0
4081 2 0
4081 2 0
4081 6 0
4081 5 0
4081 7 0
4081 5 0
4131 3 1
4131 5 0
4131 4 0
4131 4 0
4181 6 1
4181 4 0
4181 3 0
4181 4 0
4181 2 0
4181 3 0
4181 8 0
4181 7 0
4181 3 0
4181 3 0
4181 4 0
4231 3 1
4281 4 1
4281 2 0
4331 4 1
4331 2 0
4331 4 0
4331 4 0
4331 3 0
4331 4 0
4331 4 0
4381 5 1
4381 4 0
4381 4 0
4381 4 0
4381 5 0
4381 6 0
4431 4 1
4431 4 0
4431 3 0
4431 3 0
4481 3 1
4594 7 2
4644 6 1
4644 3 0
4644 6 0
4644 5 0
4644 2 0
4644 8 0
4644 5 0
4644 2 0
4644 4 0
4644 4 0
4644 4 0
4644 3 0
4644 3 0
4644 7 0
4644 3 0
4644 4 0
4644 3 0
4644 4 0
4644 4 0
4644 3 0
4644 2 0
4694 7 1
4694 4 0
4694 2 0
4694 7 0
4694 4 0
4694 5 0
4694 3 0
4807 7 2
4807 6 0
4857 7 1
4857 5 0
4907 7 1
4907 4 0
4907 2 0
4907 3 0
4907 5 0
4907 5 0
4907 5 0
4907 2 0
4907 3 0
4957 7 1
5007 6 1
5007 2 0
5007 3 0
5057 4 1
5107 4 1
5107 5 0
5157 4 1
5157 4 0
5157 5 0
5157 6 0
5157 2 0
5157 3 0
5157 3 0
5157 4 0
5157 2 0
5157 2 0
5157 5 0
5157 2 0
5157 2 0
5157 4 0
5157 2 0
5157 4 0
5207 8 1
5207 5 0
5207 3 0
5207 6 0
5207 7 0
5207 3 0
5207 2 0
5207 7 0
5207 3 0
5207 5 0
5207 3 0
5207 4 0
5207 2 0
5311 6 2
5361 4 1
5361 3 0
5361 3 0
5361 5 0
5411 4 1
5411 2 0
5411 5 0
5461 4 1
5461 2 0
5461 4 0
5461 2 0
5547 4 2
5547 2 0
5547 4 0
5547 4 0
5547 4 0
5547 4 0
5547 2 0
5547 2 0
5547 3 0
5597 8 1
5597 3 0
5597 7 0
5597 4 0
5647 5 1
5647 4 0
5647 3 0
5647 2 0
5647 6 0
5647 3 0
5733 4 2
5733 4 0
5733 2 0
5733 5 0
5855 8 2
5855 5 0
5905 4 1
5991 4 2
6077 4 2
6077 5 0
6127 4 1
6127 8 0
6127 4 0
6127 3 0
6127 2 0
6127 3 0
6127 3 0
6127 5 0
6127 4 0
6127 4 0
6127 2 0
6177 4 1
6177 4 0
6177 5 0
6227 8 1
6227 2 0
6227 6 0
6227 7 0
6227 3 0
6277 8 1
6277 5 0
6277 3 0
6277 4 0
6277 4 0
6277 3 0
6277 4 0
6277 6 0
6277 3 0
6277 2 0
6277 3 0
6277 3 0
6277 5 0
6277 5 0
6277 5 0
6277 4 0
6277 5 0
6327 5 1
6327 3 0
6327 5 0
6377 4 1
6377 5 0
6427 7 1
6427 7 0
6427 4 0
6427 5 0
6427 2 0
6427 3 0
6427 4 0
6427 4 0
6427 2 0
6513 4 2
6599 4 2
6599 6 0
6599 2 0
6599 5 0
6599 6 0
6599 5 0
6599 2 0
6599 6 0
6599 2 0
6744 5 3
6744 4 0
6744 4 0
6794 6 1
6794 3 0
6794 8 0
6898 6 2
6898 4 0
7020 8 2
7020 8 0
7070 4 1
7120 5 1
7120 5 0
7120 8 0
7120 3 0
7120 5 0
7170 2 1
7170 3 0
7170 4 0
7170 4 0
7170 3 0
7170 3 0
7170 2 0
7220 3 1
7220 3 0
7220 6 0
7220 4 0
7270 4 1
7270 6 0
7270 2 0
7270 5 0
7270 8 0
7320 4 1
7320 4 0
7320 4 0
7320 2 0
7320 5 0
7320 3 0
7424 6 2
7424 4 0
7424 2 0
7424 3 0
7424 5 0
7474 4 1
7474 4 0
7474 3 0
7474 5 0
7474 6 0
7524 5 1
7524 6 0
7574 4 1
7574 7 0
7574 4 0
7624 4 1
7624 3 0
7624 3 0
7692 2 2
7742 4 1
7792 6 1
7792 3 0
7792 3 0
7792 6 0
7842 4 1
7842 3 0
7842 3 0
7842 4 0
7842 2 0
7842 2 0
7892 6 1
7892 2 0
7892 3 0
7942 3 1
7942 4 0
7942 6 0
7992 8 1
8042 5 1
8042 4 0
8042 3 0
8042 6 0
8042 4 0
8092 7 1
8092 5 0
8092 6 0
8142 6 1
8192 5 1
8192 6 0
8192 3 0
8192 6 0
8192 3 0
8287 5 2
8287 4 0
8337 5 1
8337 4 0
8337 8 0
8337 5 0
8337 4 0
8337 6 0
8337 5 0
8405 2 2
8405 2 0
8550 5 3
8550 5 0
8550 5 0
8550 5 0
8550 4 0
8550 3 0
8600 6 1
8600 5 0
8600 2 0
8600 4 0
8600 3 0
8686 4 2
8736 3 1
8736 4 0
8736 4 0
8736 4 0
8736 5 0
8786 3 1
8786 2 0
8786 5 0
8786 3 0
8836 7 1
8886 4 1
8886 2 0
8936 2 1
8936 5 0
8936 5 0
8986 5 1
8986 5 0
8986 3 0
8986 4 0
8986 5 0
8986 2 0
8986 2 0
9036 4 1
9086 6 1
9086 5 0
9136 3 1
9136 3 0
9136 2 0
9231 5 2
9231 6 0
9231 2 0
9281 4 1
9281 2 0
9367 4 2
9367 3 0
9367 7 0
9367 3 0
9367 4 0
9453 4 2
9503 5 1
9503 4 0
9503 4 0
9503 3 0
9503 5 0
9503 3 0
9553 6 1
9553 3 0
9553 4 0
9553 6 0
9553 2 0
9553 3 0
9553 4 0
9553 5 0
9603 4 1
9653 5 1
9653 3 0
9653 3 0
9653 6 0
9653 4 0
9653 5 0
9653 2 0
9703 4 1
9703 4 0
9703 4 0
9703 4 0
9703 6 0
9703 4 0
9753 5 1
9803 4 1
9803 2 0
9803 4 0
9853 3 1
9853 3 0
9903 4 1
9903 4 0
9998 5 2
10084 4 2
10084 4 0
10084 3 0
10084 3 0
10134 5 1
10184 4 1
10184 2 0
10184 5 0
10184 4 0
10184 5 0
10184 2 0
10184 5 0
10234 3 1
10234 2 0
10284 5 1
10284 5 0
10284 4 0
10284 6 0
10334 4 1
10334 5 0
10334 4 0
10447 7 2
10497 4 1
10497 4 0
10497 4 0
10547 6 1
10547 2 0
10547 3 0
10669 8 2
10669 3 0
10669 2 0
10669 6 0
10669 2 0
10669 5 0
10669 5 0
10764 5 2
10764 3 0
10764 7 0
10764 4 0
10764 5 0
10764 4 0
10764 6 0
10764 7 0
10764 4 0
10764 7 0
10764 2 0
10764 8 0
10764 4 0
10764 2 0
10764 3 0
10764 4 0
10814 5 1
10814 4 0
10814 4 0
10864 4 1
10864 6 0
10968 6 2
11018 8 1
11018 2 0
11018 5 0
11068 5 1
11118 4 1
11213 5 2
11213 4 0
11213 4 0
11213 4 0
11213 4 0
11263 8 1
11313 2 1
11313 6 0
11313 4 0
11313 3 0
11313 2 0
11313 4 0
11313 2 0
11313 4 0
11363 4 1
11363 3 0
11363 7 0
11363 3 0
11363 2 0
11363 2 0
11363 5 0
11363 7 0
11413 8 1
11413 3 0
11413 6 0
11413 4 0
11463 5 1
11463 4 0
11463 4 0
11463 4 0
11463 5 0
11513 6 1
11563 6 1
11563 2 0
11563 3 0
11563 4 0
11563 2 0
11667 6 2
11667 5 0
11667 6 0
11667 2 0
11735 2 2
11735 3 0
11735 8 0
11735 4 0
11803 2 2
11803 5 0
11853 5 1
11853 5 0
11903 5 1
11903 3 0
11903 5 0
11903 5 0
11998 5 2
11998 4 0
11998 3 0
11998 6 0
11998 5 0
11998 5 0
11998 4 0
12048 5 1
12048 8 0
12048 2 0
12048 4 0
12048 3 0
12048 4 0
12048 5 0
12098 3 1
12098 3 0
12098 3 0
12098 4 0
12098 7 0
12098 4 0
12098 6 0
12148 8 1
12198 7 1
12293 5 2
12293 8 0
12293 4 0
12293 5 0
12293 2 0
12343 4 1
12393 4 1
12393 3 0
12393 4 0
12393 4 0
12393 6 0
12393 3 0
12393 3 0
12393 5 0
12393 4 0
12393 3 0
12393 2 0
12393 2 0
12443 7 1
12443 5 0
12443 2 0
12443 6 0
12493 3 1
12493 3 0
12493 3 0
12543 4 1
12543 4 0
12679 4 3
12679 4 0
12729 3 1
12824 5 2
12824 3 0
12824 6 0
12824 4 0
12824 4 0
12824 3 0
12919 5 2
12969 5 1
12969 4 0
12969 4 0
12969 5 0
12969 4 0
12969 2 0
12969 3 0
12969 6 0
12969 5 0
12969 3 0
13019 2 1
13019 3 0
13019 2 0
13019 4 0
13069 4 1
13069 3 0
13119 6 1
13119 4 0
13119 2 0
13119 2 0
13119 4 0
13169 7 1
13219 4 1
13219 4 0
13269 3 1
13269 2 0
13269 2 0
13373 6 2
13423 4 1
13423 6 0
13559 4 3
13559 2 0
13609 3 1
13695 4 2
13745 3 1
13745 4 0
13795 2 1
13845 3 1
13845 3 0
13845 4 0
13895 8 1
13999 6 2
14049 4 1
14099 5 1
14099 4 0
14099 8 0
14099 3 0
14099 5 0
14099 7 0
14099 5 0
14185 4 2
14185 7 0
14185 5 0
14185 2 0
14235 4 1
14235 4 0
14235 5 0
14235 5 0
14235 2 0
14285 4 1
14285 3 0
14285 4 0
14285 3 0
14285 4 0
14285 6 0
14285 3 0
14285 4 0
14335 5 1
14385 4 1
14530 5 3
14530 4 0
14530 4 0
14530 2 0
14530 4 0
14530 7 0
14580 3 1
14657 3 2
14811 6 3
14861 2 1
15015 6 3
15015 3 0
15015 2 0
15015 4 0
15101 4 2
15101 5 0
15101 2 0
15101 4 0
15151 4 1
15151 3 0
15151 4 0
15201 2 1
15201 4 0
15251 4 1
15337 4 2
15414 3 2
15414 5 0
15414 4 0
15414 5 0
15464 5 1
15464 4 0
15464 2 0
15464 4 0
15464 4 0
15514 8 1
15591 3 2
15591 4 0
15591 5 0
15677 4 2
15677 3 0
15677 6 0
15677 3 0
15677 4 0
15727 2 1
15777 4 1
15827 3 1
15827 3 0
15877 3 1
15877 5 0
15877 4 0
15927 3 1
15927 2 0
15927 3 0
15927 2 0
15927 4 0
15927 4 0
16049 8 2
16049 3 0
16049 3 0
16049 5 0
16176 3 3
16176 3 0
16176 8 0
16176 6 0
16176 3 0
16176 7 0
16176 4 0
16176 3 0
16176 2 0
16176 2 0
16176 2 0
16280 6 2
16357 3 2
16357 3 0
16357 4 0
16357 5 0
16357 2 0
16357 3 0
16357 5 0
16357 3 0
16357 6 0
16357 3 0
16357 4 0
16407 5 1
16457 7 1
16457 4 0
16457 3 0
16457 2 0
16457 3 0
16457 4 0
16507 4 1
16507 2 0
16557 5 1
16557 5 0
16557 6 0
16557 4 0
16557 4 0
16557 7 0
16557 2 0
16557 7 0
16557 7 0
16557 2 0
16557 3 0
16607 5 1
16607 4 0
16657 4 1
16707 4 1
16707 7 0
16707 4 0
16707 4 0
16707 3 0
16707 3 0
16707 5 0
16707 5 0
16811 6 2
16861 4 1
16911 5 1
16911 4 0
16961 3 1
17074 7 2
17074 4 0
17074 5 0
17074 2 0
17246 8 3
17246 6 0
17246 8 0
17246 3 0
17296 2 1
17296 2 0
17296 3 0
17296 5 0
17296 3 0
17346 5 1
17346 6 0
17432 4 2
17432 3 0
17432 3 0
17432 3 0
17482 3 1
17754 8 4
17754 4 0
17754 3 0
17754 4 0
17754 5 0
17754 4 0
17754 4 0
17754 2 0
17849 5 2
17849 3 0
17849 3 0
17849 5 0
17849 4 0
17849 6 0
17849 4 0
17849 3 0
17849 2 0
17849 4 0
17849 8 0
17849 5 0
17849 5 0
17849 5 0
17849 2 0
17849 3 0
17849 6 0
17849 2 0
17849 3 0
17849 4 0
17849 7 0
17849 2 0
17849 4 0
17899 4 1
17899 4 0
17994 5 2
17994 5 0
17994 4 0
17994 8 0
17994 4 0
17994 3 0
18062 2 2
18062 2 0
18112 8 1
18112 3 0
18162 6 1
18162 7 0
18212 4 1
18298 4 2
18298 2 0
18298 4 0
18402 6 2
18402 2 0
18452 6 1
18574 8 2
18574 3 0
18574 6 0
18574 7 0
18624 4 1
18624 5 0
18624 2 0
18692 2 2
18692 2 0
18692 3 0
18742 8 1
18742 3 0
18742 4 0
18742 3 0
18742 2 0
18742 3 0
18742 2 0
18792 6 1
18792 6 0
18792 4 0
18792 4 0
18792 4 0
18792 3 0
18792 4 0
18792 5 0
18792 4 0
18792 3 0
18842 4 1
18842 4 0
18842 4 0
18842 4 0
18842 2 0
18842 2 0
18842 7 0
18892 3 1
18892 2 0
18987 5 2
18987 4 0
19037 5 1
19037 4 0
19087 6 1
19359 8 4
19454 5 2
19454 3 0
19454 3 0
19454 6 0
19454 2 0
19454 3 0
19558 6 2
19608 4 1
19608 3 0
19694 4 2
19694 3 0
19694 4 0
19694 5 0
19694 2 0
19694 6 0
19694 4 0
19744 7 1
19744 4 0
19744 3 0
19744 3 0
19744 5 0
19744 7 0
19744 3 0
19744 4 0
19744 4 0
19794 4 1
19844 5 1
19894 7 1
19894 3 0
19894 8 0
19894 5 0
19894 5 0
19894 3 0
19894 5 0
19894 4 0
19894 2 0
19894 4 0
19894 7 0
19894 3 0
19894 3 0
19998 6 2
20048 5 1
20098 8 1
20098 4 0
20148 3 1
20148 3 0
20148 2 0
20148 4 0
20198 3 1
20198 4 0
20198 5 0
20198 3 0
20248 7 1
20248 4 0
20248 4 0
20298 4 1
20298 2 0
20298 4 0
20298 3 0
20298 3 0
20298 4 0
20402 6 2
20402 4 0
20452 7 1
20502 4 1
20552 2 1
20552 4 0
20674 8 2
20674 6 0
20724 5 1
20724 2 0
20724 3 0
20774 2 1
20774 4 0
20774 4 0
20824 2 1
20824 4 0
20874 6 1
20874 4 0
20874 4 0
21028 6 3
21078 6 1
21128 4 1
21128 3 0
21128 3 0
21178 7 1
21255 3 2
21255 4 0
21255 4 0
21332 3 2
21332 3 0
21382 8 1
21382 4 0
21382 5 0
21382 2 0
21382 2 0
21382 7 0
21432 3 1
21482 6 1
21482 4 0
21482 6 0
21482 3 0
21482 7 0
21532 4 1
21659 3 3
21659 4 0
21659 4 0
21659 5 0
21727 2 2
21727 2 0
21727 6 0
21727 2 0
21727 4 0
21777 4 1
21777 4 0
21777 8 0
21863 4 2
21863 4 0
21863 8 0
21863 2 0
21863 4 0
21863 3 0
21863 3 0
22035 8 3
22130 5 2
22180 6 1
22180 4 0
22230 4 1
22230 3 0
22280 4 1
22280 2 0
22280 5 0
22280 6 0
22280 3 0
22280 4 0
22280 2 0
22366 4 2
22416 5 1
22416 2 0
22416 5 0
22466 4 1
22466 2 0
22466 4 0
22466 3 0
22516 3 1
22566 2 1
22566 2 0
22616 5 1
22666 2 1
22716 8 1
22716 6 0
22716 5 0
22784 2 2
22784 6 0
22784 2 0
22834 6 1
22834 2 0
22834 2 0
22979 5 3
22979 2 0
22979 6 0
23029 7 1
23029 5 0
23029 2 0
23029 2 0
23029 3 0
23029 5 0
23079 2 1
23129 4 1
23129 6 0
23179 5 1
23179 6 0
23179 6 0
23179 3 0
23229 5 1
23279 5 1
23329 5 1
23329 3 0
23329 2 0
23329 3 0
23329 5 0
23329 5 0
23329 4 0
23379 6 1
23379 5 0
23379 6 0
23379 4 0
23379 5 0
23379 3 0
23379 6 0
23379 4 0
23379 3 0
23429 3 1
23429 8 0
23429 4 0
23429 5 0
23479 6 1
23574 5 2
23574 6 0
23651 3 2
23651 5 0
23651 3 0
23651 4 0
23651 2 0
23651 5 0
23651 2 0
23651 3 0
23701 5 1
23701 8 0
23701 3 0
23701 2 0
23701 3 0
23701 5 0
23701 2 0
23787 4 2
23787 4 0
23837 6 1
23837 3 0
23837 2 0
23837 3 0
23837 5 0
23837 3 0
23837 4 0
23950 7 2
23950 5 0
24000 4 1
24000 3 0
24000 4 0
24050 2 1
24050 2 0
24100 4 1
24150 6 1
24150 3 0
24150 3 0
24150 3 0
24150 8 0
24150 3 0
24150 4 0
24150 6 0
24150 7 0
24200 5 1
24250 5 1
24250 3 0
24250 5 0
24250 5 0
24250 5 0
24250 5 0
24250 2 0
24300 5 1
24300 2 0
24300 3 0
24368 2 2
24463 5 2
24463 3 0
24463 3 0
24463 4 0
24463 3 0
24513 2 1
24513 3 0
24563 6 1
24563 5 0
24563 5 0
24563 4 0
24690 3 3
24690 4 0
24776 4 2
24776 3 0
24776 3 0
24826 4 1
24826 3 0
24826 3 0
24826 3 0
24826 4 0
24826 4 0
24826 4 0
24876 5 1
24876 2 0
24989 7 2
25111 8 2
25233 8 2
25233 3 0
25233 2 0
25233 8 0
25283 8 1
25283 2 0
25283 6 0
25283 3 0
25283 5 0
25283 3 0
25283 5 0
25333 4 1
25333 3 0
25333 8 0
25383 5 1
25383 5 0
25433 2 1
25433 2 0
25433 3 0
25433 5 0
25483 7 1
25483 4 0
25533 6 1
25533 7 0
25687 6 3
25737 3 1
25787 4 1
25837 4 1
25887 3 1
25982 5 2
26032 6 1
26032 8 0
26032 3 0
26032 4 0
26032 3 0
26082 4 1
26082 3 0
26082 4 0
26236 6 3
26399 7 3
26399 2 0
26485 4 2
26535 6 1
26585 8 1
26585 4 0
26585 4 0
26635 7 1
26635 3 0
26635 3 0
26685 4 1
26735 4 1
26735 3 0
26735 3 0
26735 3 0
26821 4 2
26925 6 2
26925 5 0
26975 2 1
26975 4 0
26975 3 0
26975 6 0
27025 4 1
27111 4 2
27215 6 2
27319 6 2
27432 7 2
27482 4 1
27532 4 1
27609 3 2
27659 5 1
27659 4 0
27659 5 0
27659 4 0
27736 3 2
27736 4 0
27736 3 0
27786 4 1
27786 7 0
27786 4 0
27836 6 1
27972 4 3
27972 6 0
27972 4 0
27972 4 0
27972 2 0
27972 3 0
27972 4 0
27972 2 0
27972 4 0
27972 7 0
27972 7 0
28022 5 1
28022 5 0
28108 4 2
28108 6 0
28108 4 0
28108 3 0
28108 4 0
28108 2 0
28108 2 0
28108 3 0
28108 3 0
28108 4 0
28108 5 0
28108 3 0
28108 4 0
28158 6 1
28158 6 0
28158 4 0
28158 3 0
28235 3 2
28235 2 0
28235 3 0
28235 4 0
28235 4 0
28235 4 0
28235 7 0
28235 3 0
28235 3 0
28235 5 0
28235 5 0
28330 5 2
28425 5 2
28425 6 0
28425 4 0
28425 5 0
28475 5 1
28475 4 0
28475 4 0
28475 4 0
28561 4 2
28561 6 0
28561 4 0
28561 4 0
28561 5 0
28611 3 1
28611 7 0
28611 4 0
28611 5 0
28661 3 1
28661 4 0
28661 3 0
28711 3 1
28711 3 0
28711 4 0
28806 5 2
28856 4 1
28856 3 0
28856 2 0
28906 5 1
28906 7 0
28906 5 0
28906 6 0
28906 3 0
28956 4 1
28956 3 0
29006 2 1
29006 3 0
29006 5 0
29006 4 0
29006 5 0
29056 6 1
29106 5 1
29156 6 1
29156 5 0
29156 8 0
29206 6 1
29274 2 2
29274 4 0
29274 3 0
29274 6 0
29274 6 0
29274 3 0
29360 4 2
29360 3 0
29360 4 0
29455 5 2
29455 4 0
29455 7 0
29455 5 0
29600 5 3
29600 2 0
29600 4 0
29600 5 0
29600 5 0
29600 3 0
29722 8 2
29722 4 0
29772 4 1
29822 3 1
29872 5 1
29922 5 1
30067 5 3
30117 6 1
30117 5 0
30221 6 2
30221 5 0
30221 5 0
30221 5 0
30221 4 0
30221 5 0
30221 3 0
30271 5 1
30271 4 0
30271 3 0
30271 3 0
30271 7 0
30321 3 1
30371 4 1
30371 6 0
30475 6 2
30475 3 0
30475 8 0
30475 3 0
30475 5 0
30579 6 2
30579 3 0
30629 5 1
30629 5 0
30629 2 0
30629 4 0
30629 3 0
30751 8 2
30751 4 0
30751 2 0
30751 2 0
30837 4 2
30973 4 3
31023 7 1
31023 5 0
31023 5 0
31023 5 0
31023 4 0
31023 4 0
31023 4 0
31023 4 0
31023 3 0
31073 3 1
31073 4 0
31141 2 2
31245 6 2
31245 3 0
31245 7 0
31295 5 1
31295 5 0
31345 3 1
31345 2 0
31395 4 1
31395 4 0
31395 3 0
31395 4 0
31395 5 0
31395 2 0
31395 7 0
31395 3 0
31395 5 0
31395 4 0
31395 2 0
31445 5 1
31495 8 1
31545 5 1
31545 2 0
31595 5 1
31595 3 0
31645 3 1
31645 3 0
31695 2 1
31695 6 0
31695 2 0
31695 5 0
31799 6 2
31849 3 1
31849 7 0
31849 4 0
31849 2 0
31849 4 0
31849 2 0
31849 2 0
31944 5 2
32048 6 2
32098 5 1
32098 2 0
32098 2 0
32098 5 0
32148 6 1
32148 2 0
32148 3 0
32148 6 0
32148 7 0
32148 4 0
32148 5 0
32148 4 0
32148 4 0
32148 4 0
32148 5 0
32148 4 0
32148 2 0
32148 4 0
32148 4 0
32148 3 0
32148 7 0
32148 5 0
32198 3 1
32198 4 0
32198 5 0
32198 7 0
32320 8 2
32320 4 0
32320 3 0
32320 3 0
32320 3 0
32320 4 0
32320 4 0
32320 6 0
32320 4 0
32320 5 0
32397 3 2
32483 4 2
32560 3 2
32560 3 0
32560 5 0
32560 4 0
32560 3 0
32560 4 0
32560 3 0
32560 3 0
32560 4 0
32560 4 0
32560 4 0
32560 2 0
32560 4 0
32610 3 1
32660 4 1
32755 5 2
32755 4 0
32755 4 0
32805 3 1
32855 2 1
32941 4 2
32991 7 1
32991 4 0
32991 3 0
32991 4 0
32991 5 0
32991 2 0
33041 7 1
33041 3 0
33041 3 0
33041 2 0
33041 5 0
33041 5 0
33091 2 1
33091 2 0
33091 4 0
33091 5 0
33091 5 0
33141 6 1
33191 6 1
33191 3 0
33241 4 1
33291 3 1
33291 5 0
33291 5 0
33291 5 0
33377 4 2
33377 2 0
33377 3 0
33377 4 0
33377 3 0
33427 4 1
33427 2 0
33477 5 1
33527 2 1
33699 8 3
33699 7 0
33699 4 0
33699 3 0
33785 4 2
33785 3 0
33835 4 1
33921 4 2
33971 5 1
34021 3 1
34021 4 0
34021 5 0
34071 4 1
34121 5 1
34121 3 0
34171 5 1
34171 8 0
34171 4 0
34171 3 0
34221 2 1
34271 4 1
34271 6 0
34271 6 0
34321 5 1
34321 2 0
34434 7 2
34547 7 2
34547 7 0
34547 5 0
34547 4 0
34597 4 1
34647 3 1
34697 4 1
34747 2 1
34747 4 0
34747 4 0
34747 5 0
34833 4 2
34833 6 0
34833 6 0
34883 4 1
34883 5 0
34933 4 1
34933 5 0
34933 2 0
34933 4 0
34933 5 0
35028 5 2
35028 2 0
35028 4 0
35028 2 0
35028 5 0
35123 5 2
35123 2 0
35123 3 0
35123 4 0
35123 4 0
35123 3 0
35123 4 0
35123 4 0
35123 7 0
35123 4 0
35173 3 1
35173 7 0
35309 4 3
35309 5 0
35309 3 0
35309 3 0
35309 6 0
35359 4 1
35436 3 2
35436 4 0
35436 3 0
35436 4 0
35436 8 0
35436 4 0
35436 4 0
35522 4 2
35522 4 0
35522 4 0
35572 4 1
35622 5 1
35672 3 1
35672 6 0
35672 4 0
35672 3 0
35722 2 1
35722 3 0
35722 3 0
35722 2 0
35772 5 1
35867 5 2
35867 4 0
35971 6 2
35971 3 0
35971 3 0
36021 4 1
36021 6 0
36021 2 0
36021 4 0
36021 4 0
36071 5 1
36071 5 0
36071 5 0
36071 4 0
36071 6 0
36198 3 3
36311 7 2
36311 5 0
36311 2 0
36388 3 2
36388 2 0
36388 3 0
36438 4 1
36438 3 0
36488 3 1
36538 3 1
36538 3 0
36538 4 0
36538 4 0
36538 4 0
36588 4 1
36638 5 1
36638 3 0
36688 2 1
36688 3 0
36688 4 0
36738 5 1
36738 4 0
36738 4 0
36738 6 0
36738 3 0
36788 7 1
36788 5 0
36788 3 0
36788 4 0
36960 8 3
36960 4 0
36960 3 0
36960 6 0
37010 5 1
37060 4 1
37110 6 1
37110 6 0
37205 5 2
37205 4 0
37255 3 1
37255 4 0
37255 5 0
37255 5 0
37255 4 0
37255 4 0
37332 3 2
37332 3 0
37332 5 0
37332 3 0
37332 3 0
37382 4 1
37382 3 0
37382 4 0
37432 3 1
37482 5 1
37482 5 0
37482 2 0
37482 4 0
37532 8 1
37582 5 1
37582 2 0
37582 3 0
37632 4 1
37682 4 1
37682 4 0
37682 3 0
37682 4 0
37682 7 0
37682 5 0
37732 5 1
37732 5 0
37782 2 1
37782 8 0
37782 7 0
37782 3 0
37782 5 0
37782 4 0
37782 5 0
37782 4 0
37782 5 0
37832 6 1
37832 3 0
37832 3 0
37832 5 0
37909 3 2
38063 6 3
38063 4 0
38063 4 0
38063 2 0
38063 2 0
38199 4 3
38249 4 1
38299 5 1
38299 3 0
38403 6 2
38403 3 0
38403 2 0
38403 3 0
38507 6 2
38507 2 0
38507 5 0
38557 3 1
38557 2 0
38557 6 0
38557 2 0
38557 3 0
38652 5 2
38652 4 0
38652 4 0
38738 4 2
38788 7 1
38838 4 1
38838 4 0
38933 5 2
38933 4 0
38933 8 0
39087 6 3
39087 4 0
39087 3 0
39087 2 0
39087 2 0
39087 3 0
39137 4 1
39137 3 0
39187 5 1
39187 4 0
39237 2 1
39287 6 1
39287 7 0
39337 7 1
39387 5 1
39437 5 1
39487 2 1
39487 7 0
39582 5 2
39582 3 0
39582 5 0
39582 3 0
39582 4 0
39582 4 0
39582 5 0
39632 4 1
39632 4 0
39632 4 0
39632 2 0
39632 4 0
39632 7 0
39632 3 0
39718 4 2
39718 3 0
39718 7 0
39718 4 0
39718 4 0
39831 7 2
39831 6 0
39917 4 2
39967 3 1
39967 4 0
39967 4 0
39967 2 0
39967 4 0
39967 4 0
39967 3 0
40044 3 2
40130 4 2
40130 5 0
40130 4 0
40180 8 1
40180 5 0
40180 4 0
40180 5 0
40230 4 1
40230 3 0
40230 2 0
40230 2 0
40230 4 0
40325 5 2
40375 5 1
40425 4 1
40552 3 3
40602 8 1
40602 4 0
40652 6 1
40652 6 0
40652 2 0
40702 6 1
40702 5 0
40752 4 1
40752 3 0
40802 2 1
40802 3 0
40802 4 0
40802 4 0
40802 3 0
40802 5 0
40852 5 1
40852 4 0
40938 4 2
40988 4 1
40988 6 0
40988 4 0
40988 4 0
40988 3 0
40988 3 0
41038 3 1
41201 7 3
41201 2 0
41201 2 0
41201 3 0
41201 6 0
41201 4 0
41201 2 0
41251 6 1
41251 4 0
41301 4 1
41301 2 0
41301 7 0
41351 4 1
41401 4 1
41401 3 0
41401 4 0
41401 4 0
41401 7 0
41401 3 0
41451 2 1
41564 7 2
41650 4 2
41700 5 1
41700 5 0
41750 5 1
41750 8 0
41750 4 0
41750 5 0
41750 7 0
41800 4 1
41800 4 0
41800 3 0
41800 5 0
41800 3 0
42054 6 4
44290 4 -1
46960 5 -1
47010 4 1
47010 4 0
47010 4 0
47010 4 0
47060 4 1
47205 5 3
47205 2 0
47205 4 0
47255 4 1
47255 5 0
47305 6 1
47305 2 0
47409 6 2
47486 3 2
47486 2 0
47486 4 0
47486 5 0
47486 2 0
47631 5 3
47631 3 0
47681 4 1
47681 4 0
47758 3 2
47826 2 2
47826 5 0
47826 4 0
47826 2 0
47826 6 0
47826 5 0
47876 4 1
47876 5 0
47876 4 0
47876 3 0
47876 2 0
47953 3 2
48003 2 1
48080 3 2
48130 6 1
48130 2 0
48180 5 1
48293 7 2
48293 4 0
48343 3 1
48393 3 1
48393 3 0
48529 4 3
48529 4 0
48529 6 0
48529 2 0
48529 2 0
48529 5 0
48529 2 0
48529 2 0
48529 4 0
48579 7 1
48665 4 2
48665 3 0
48665 2 0
48819 6 3
48932 7 2
48982 5 1
48982 4 0
49032 4 1
49127 5 2
49177 3 1
49177 3 0
49177 2 0
49227 4 1
49227 2 0
49277 4 1
49277 2 0
49277 5 0
49277 4 0
49381 6 2
49431 3 1
49553 8 2
50921 2 -1
51016 5 2
51016 7 0
51066 5 1
51066 6 0
51066 2 0
51116 6 1
51116 6 0
51116 4 0
51116 5 0
51166 3 1
51166 5 0
51216 4 1
51302 4 2
51352 5 1
51429 3 2
51429 5 0
51479 7 1
51479 3 0
51479 6 0
51479 5 0
51479 4 0
51479 3 0
51479 2 0
51479 5 0
51479 4 0
51556 3 2
51606 6 1
51701 5 2
51701 2 0
51701 4 0
51751 6 1
51751 6 0
51751 4 0
51751 5 0
51873 8 2
51873 4 0
51873 3 0
51873 4 0
51873 2 0
51923 2 1
51923 3 0
51973 6 1
52023 4 1
52109 4 2
52213 6 2
52308 5 2
52403 5 2
52453 6 1
52503 6 1
52503 2 0
52503 4 0
52553 5 1
52553 2 0
52648 5 2
52648 3 0
52698 4 1
52698 4 0
52698 2 0
52748 5 1
52748 3 0
52748 2 0
52748 4 0
52748 2 0
52798 5 1
52798 3 0
52798 4 0
52848 7 1
52898 5 1
52898 6 0
52898 5 0
52898 7 0
52898 2 0
52948 8 1
52948 5 0
52998 6 1
53084 4 2
53084 3 0
53197 7 2
53197 5 0
53197 6 0
53310 7 2
53310 4 0
53360 6 1
53455 5 2
53505 5 1
53505 3 0
53555 7 1
53555 2 0
53555 4 0
53555 4 0
53605 8 1
53605 4 0
53605 5 0
53768 7 3
53768 5 0
53845 3 2
53895 5 1
53895 4 0
53895 3 0
56131 4 -1
56181 3 1
56267 4 2
56317 4 1
56367 4 1
56367 4 0
56417 4 1
56417 5 0
56417 3 0
56417 2 0
56417 5 0
56417 4 0
56417 3 0
56417 6 0
56417 5 0
60389 8 -1
60439 5 1
60439 3 0
60439 5 0
60552 7 2
60552 4 0
60552 2 0
60552 4 0
62788 4 -1
62788 4 0
62788 4 0
62788 2 0
62788 6 0
62788 4 0
62788 6 0
62838 5 1
62838 3 0
62838 6 0
62888 6 1
62888 3 0
62888 2 0
62938 5 1
62988 3 1
62988 2 0
62988 3 0
62988 7 0
62988 3 0
63038 7 1
63038 6 0
63038 5 0
63038 4 0
63038 4 0
63088 7 1
63088 4 0
63138 6 1
63233 5 2
63283 3 1
63333 5 1
63333 4 0
63333 5 0
63455 8 2
63550 5 2
63550 2 0
63550 4 0
63686 4 3
63686 4 0
63686 4 0
63686 4 0
63686 4 0
63686 2 0
63686 5 0
63686 2 0
63772 4 2
63772 6 0
63772 4 0
63772 2 0
63822 7 1
63935 7 2
63935 2 0
63935 2 0
63935 8 0
63985 6 1
63985 5 0
63985 2 0
64035 6 1
64035 4 0
64189 6 3
64189 2 0
64189 5 0
64189 3 0
64189 5 0
64189 4 0
64239 4 1
64289 6 1
64289 3 0
64289 4 0
64289 5 0
64289 2 0
66525 4 -1
66575 3 1
66670 5 2
66747 3 2
66747 5 0
66797 4 1
66892 5 2
69128 4 -1
69128 2 0
69128 6 0
69128 4 0
69178 6 1
69178 3 0
69291 7 2
69291 2 0
69291 5 0
72829 7 -1
72915 4 2
72915 6 0
73037 8 2
73037 2 0
73087 6 1
73137 3 1
73187 4 1
73187 6 0
73187 7 0
73187 5 0
73187 4 0
73187 4 0
73237 7 1
73287 8 1
73287 5 0
73287 3 0
73287 3 0
73287 6 0
73400 7 2
73450 3 1
73554 6 2
73554 2 0
73554 5 0
73554 3 0
73554 5 0
73554 4 0
73554 4 0
73554 4 0
73554 3 0
73604 4 1
73604 3 0
73690 4 2
73690 5 0
73690 5 0
73690 2 0
73740 4 1
73817 3 2
73867 3 1
73867 3 0
73867 4 0
73917 3 1
73967 2 1
73967 2 0
74017 7 1
74017 4 0
74067 6 1
74067 4 0
74117 5 1
74167 3 1
74235 2 2
74285 5 1
74371 4 2
74371 6 0
74421 6 1
74421 2 0
74421 5 0
74421 3 0
74507 4 2
74507 6 0
74643 4 3
74643 4 0
74643 2 0
74643 4 0
74643 5 0
74643 3 0
74693 6 1
74743 2 1
74743 4 0
74793 3 1
74793 3 0
74793 6 0
74793 2 0
74793 5 0
74793 3 0
74843 3 1
74843 4 0
74843 4 0
74843 2 0
74893 6 1
74893 5 0
74970 3 2
75020 8 1
75020 8 0
75020 4 0
76388 2 -1
76388 2 0
76438 4 1
76438 2 0
76488 5 1
76488 3 0
79592 6 -1
79592 4 0
79642 8 1
79642 4 0
79642 4 0
79692 3 1
79742 2 1
79792 5 1
79792 5 0
79792 5 0
79792 5 0
79842 3 1
79987 5 3
80037 4 1
80037 4 0
80087 3 1
80232 5 3
80282 4 1
80332 4 1
80409 3 2
80409 6 0
80409 4 0
83079 5 -1
84447 2 -1
84497 3 1
84497 3 0
84497 3 0
84497 4 0
84497 5 0
86733 4 -1
86733 4 0
86733 5 0
86783 5 1
86783 4 0
86833 5 1
86883 4 1
86883 4 0
86933 3 1
87028 5 2
87078 6 1
87078 4 0
87078 4 0
87128 7 1
87128 4 0
87128 4 0
87178 3 1
87178 2 0
87178 4 0
87178 4 0
87228 6 1
87228 4 0
87373 5 3
87373 4 0
87373 2 0
87423 4 1
87423 5 0
87423 6 0
87509 4 2
87509 2 0
87604 5 2
87672 2 2
87722 4 1
87722 3 0
87790 2 2
87840 5 1
87840 3 0
87890 5 1
87890 3 0
87890 5 0
87940 6 1
87940 3 0
87940 6 0
87940 2 0
87940 4 0
87940 2 0
87940 4 0
87940 7 0
87940 4 0
87940 3 0
87990 2 1
87990 5 0
87990 2 0
87990 2 0
88040 5 1
88366 7 5
88366 3 0
88479 7 2
88479 2 0
88479 2 0
88479 6 0
88529 5 1
88529 6 0
88529 5 0
90765 4 -1
90765 3 0
90765 3 0
90765 6 0
90765 7 0
90765 5 0
90815 4 1
93051 4 -1
93051 4 0
93051 4 0
93051 4 0
93051 3 0
93051 4 0
93051 3 0
93101 3 1
93101 3 0
93151 4 1
93151 8 0
93151 4 0
93151 3 0
93201 4 1
93201 2 0
93201 3 0
93201 4 0
93201 5 0
93201 3 0
93278 3 2
93328 3 1
93328 3 0
93328 2 0
95998 5 -1
99102 6 -1
99170 2 2
99170 8 0
99220 5 1
99220 2 0
102758 7 -1
102758 2 0
102835 3 2
102921 4 2
102971 3 1
103048 3 2
103048 2 0
103048 3 0
103143 5 2
103143 3 0
103193 5 1
103270 3 2
103270 3 0
103270 4 0
103320 6 1
103433 7 2
103433 5 0
103483 4 1
103483 6 0
103569 4 2
103569 6 0
103655 4 2
103655 4 0
103759 6 2
103809 2 1
103809 2 0
103809 4 0
103859 8 1
103859 4 0
103945 4 2
103995 7 1
104045 5 1
104045 7 0
104045 3 0
104045 4 0
104045 4 0
104113 2 2
104113 3 0
104163 5 1
104163 3 0
104163 5 0
104163 2 0
104213 5 1
104367 6 3
104367 4 0
104417 4 1
104467 5 1
104517 2 1
104567 5 1
104567 7 0
104617 4 1
104617 3 0
104703 4 2
104703 3 0
104703 4 0
104753 5 1
104753 7 0
104753 2 0
104753 2 0
104803 6 1
104803 7 0
104803 2 0
104803 4 0
104853 2 1
107089 4 -1
109325 4 -1
109375 4 1
109375 4 0
109375 5 0
109375 2 0
109375 4 0
112045 5 -1
112045 4 0
112045 3 0
112045 3 0
112140 5 2
112140 5 0
112190 3 1
112190 4 0
112190 5 0
112240 4 1
112290 4 1
112290 7 0
112376 4 2
112376 6 0
112548 8 3
112720 8 3
112720 4 0
112720 2 0
112720 5 0
112720 4 0
112720 3 0
112720 3 0
114956 4 -1
116758 3 -1
116808 2 1
116808 5 0
116808 2 0
116858 4 1
116908 5 1
120012 6 -1
120012 7 0
120012 6 0
120012 2 0
120012 5 0
120012 2 0
120012 5 0
120107 5 2
120107 5 0
120107 4 0
120157 4 1
120157 4 0
120157 2 0
120243 4 2
120293 3 1
120343 4 1
120343 2 0
120343 5 0
120343 2 0
120343 7 0
120343 5 0
120343 5 0
120343 2 0
120393 2 1
120393 2 0
120556 7 3
120556 2 0
120556 5 0
120556 4 0
120556 3 0
120556 4 0
120556 4 0
120606 6 1
120606 6 0
120656 5 1
120656 4 0
120656 5 0
120742 4 2
120896 6 3
120946 2 1
120946 2 0
120946 5 0
120946 3 0
120996 4 1
120996 4 0
121046 5 1
121046 4 0
121046 3 0
121046 4 0
121096 6 1
121146 8 1
121146 3 0
121196 2 1
121282 4 2
121282 3 0
121332 2 1
121332 3 0
121409 3 2
121409 2 0
121486 3 2
121486 4 0
121536 5 1
121536 5 0
121586 5 1
123822 4 -1
123822 5 0
123822 3 0
123872 4 1
123872 2 0
123872 5 0
123922 4 1
127026 6 -1
127076 4 1
127076 6 0
127076 3 0
127076 5 0
127076 3 0
127076 3 0
127076 5 0
127126 2 1
127126 4 0
127176 3 1
127244 2 2
127244 8 0
127294 4 1
129530 4 -1
129580 5 1
129630 4 1
129680 5 1
129834 6 3
129884 3 1
129884 5 0
132988 6 -1
135658 5 -1
137026 2 -1
137026 2 0
137026 7 0
137103 3 2
137153 5 1
137203 5 1
137253 4 1
137348 5 2
137348 5 0
137434 4 2
137484 5 1
137484 2 0
137570 4 2
137570 4 0
137570 6 0
137570 5 0
137570 4 0
137620 2 1
137670 4 1
137670 4 0
137670 3 0
137670 3 0
137720 5 1
137720 3 0
137770 5 1
137820 2 1
137870 5 1
137938 2 2
137938 2 0
137938 4 0
137988 7 1
138038 4 1
138088 5 1
138088 7 0
138183 5 2
138183 3 0
138269 4 2
138355 4 2
138355 2 0
138355 5 0
138355 3 0
138355 3 0
138405 8 1
138405 6 0
138500 5 2
138550 5 1
138550 6 0
138600 3 1
138600 4 0
138600 8 0
138704 6 2
138840 4 3
138840 3 0
138840 4 0
138840 4 0
138926 4 2
138926 4 0
138926 5 0
138926 6 0
138926 7 0
139039 7 2
139039 4 0
139039 4 0
139039 3 0
139134 5 2
139247 7 2
139247 2 0
139247 8 0
139315 2 2
139315 4 0
139365 2 1
139365 5 0
139365 4 0
139365 3 0
139365 3 0
139365 4 0
139487 8 2
141289 3 -1
141289 5 0
141289 6 0
141339 8 1
141339 4 0
141425 4 2
141425 5 0
141425 4 0
141425 4 0
141425 2 0
141425 5 0
141475 2 1
141475 5 0
141475 3 0
142843 2 -1
142843 5 0
142843 5 0
142843 3 0
142843 4 0
142843 7 0
142843 2 0
142929 4 2
144731 3 -1
147401 5 -1
147401 4 0
147523 8 2
147618 5 2
147618 3 0
147722 6 2
150392 5 -1
150442 2 1
150442 4 0
150555 7 2
150555 2 0
150632 3 2
150682 6 1
150682 6 0
150732 4 1
150782 7 1
150918 4 3
150918 3 0
150968 4 1
150968 5 0
150968 3 0
151054 4 2
151054 2 0
151104 6 1
151154 8 1
151154 6 0
151258 6 2
151308 3 1
151308 4 0
151308 4 0
151421 7 2
151421 3 0
151421 4 0
151421 2 0
151471 2 1
151521 6 1
151521 4 0
151521 2 0
151521 4 0
151521 6 0
151521 2 0
151521 3 0
151521 4 0
151521 2 0
151521 2 0
151571 5 1
151571 5 0
151571 7 0
151571 6 0
151571 2 0
151571 2 0
151707 4 3
151757 4 1
151757 4 0
151807 5 1
151807 6 0
151934 3 3
151984 4 1
151984 3 0
152034 3 1
152034 3 0
152120 4 2
152206 4 2
152256 3 1
152360 6 2
152464 6 2
152464 2 0
152514 5 1
152514 3 0
152514 3 0
152564 4 1
153932 2 -1
154009 3 2
154009 4 0
154095 4 2
154095 5 0
154095 2 0
157199 6 -1
157199 6 0
157199 2 0
157335 4 3
157335 5 0
157403 2 2
157403 5 0
157480 3 2
157593 7 2
157593 6 0
157593 3 0
157643 5 1
157643 5 0
157643 2 0
159445 3 -1
159445 2 0
161681 4 -1
161731 4 1
161731 5 0
161731 4 0
161817 4 2
163619 3 -1
164987 2 -1
167657 5 -1
167657 4 0
167657 4 0
167657 3 0
167657 5 0
169025 2 -1
169025 4 0
172997 8 -1
172997 2 0
172997 4 0
173083 4 2
173083 4 0
173083 4 0
173083 3 0
173083 6 0
173133 5 1
173133 4 0
173133 6 0
173133 4 0
173183 6 1
173183 2 0
173183 3 0
173260 3 2
173260 3 0
173310 7 1
173310 2 0
173360 3 1
173410 7 1
173410 6 0
173460 5 1
173460 2 0
173460 4 0
173460 3 0
173460 3 0
173460 7 0
173510 6 1
173510 4 0
173510 5 0
173682 8 3
173786 6 2
173786 5 0
173786 4 0
173958 8 3
173958 6 0
173958 4 0
173958 5 0
174053 5 2
174053 3 0
174053 2 0
174053 4 0
174103 2 1
174153 4 1
174153 3 0
174248 5 2
174384 4 3
174434 2 1
174434 2 0
174434 4 0
174484 4 1
174484 7 0
174534 5 1
174534 8 0
174670 4 3
174670 3 0
174670 3 0
174783 7 2
174783 3 0
174878 5 2
174878 4 0
175141 7 4
175141 2 0
177377 4 -1
177377 5 0
177377 3 0
177531 6 3
177531 4 0
177531 2 0
179333 3 -1
179428 5 2
179478 3 1
179478 4 0
179478 3 0
179478 3 0
179478 4 0
179528 3 1
179528 4 0
180896 2 -1
180896 3 0
180896 3 0
181068 8 3
181068 3 0
183738 5 -1
183738 3 0
183865 3 3
183865 2 0
183865 2 0
183865 4 0
183865 4 0
187403 7 -1
188771 2 -1
188821 2 1
188821 3 0
188821 4 0
188821 3 0
188916 5 2
191152 4 -1
192954 3 -1
192954 7 0
192954 4 0
193004 4 1
193054 3 1
193054 3 0
193054 4 0
193054 4 0
193054 5 0
193054 4 0
193054 5 0
193054 3 0
193054 6 0
193054 6 0
193054 4 0
193104 4 1
193104 6 0
193104 5 0
193104 4 0
193104 3 0
193154 3 1
193204 3 1
193204 2 0
193204 4 0
193204 6 0
193254 5 1
193304 3 1
193304 3 0
193304 5 0
193304 4 0
193304 3 0
193304 3 0
193354 4 1
193354 3 0
193354 7 0
193354 8 0
193440 4 2
193440 4 0
193490 4 1
193540 2 1
193540 4 0
193540 3 0
193540 5 0
193590 2 1
193590 7 0
193590 3 0
193590 4 0
193590 6 0
193590 2 0
193640 5 1
193726 4 2
193776 3 1
193826 3 1
193903 3 2
193953 5 1
193953 4 0
193953 5 0
193953 3 0
193953 3 0
193953 8 0
193953 3 0
193953 3 0
194021 2 2
194021 2 0
194107 4 2
196343 4 -1
196343 4 0
196343 4 0
196343 5 0
196393 4 1
196393 7 0
197761 2 -1
199997 4 -1
203969 8 -1
203969 4 0
204132 7 3
204182 3 1
204232 2 1
204232 4 0
204282 4 1
204282 7 0
204282 3 0
204282 2 0
204282 3 0
204332 5 1
206568 4 -1
206618 4 1
206695 3 2
206695 3 0
206745 6 1
206745 5 0
206745 2 0
208981 4 -1
208981 4 0
210783 3 -1
213019 4 -1
213114 5 2
213114 3 0
213114 5 0
215350 4 -1
217152 3 -1
218520 2 -1
218520 8 0
218633 7 2
218737 6 2
218737 3 0
218814 3 2
218814 4 0
218814 6 0
218814 2 0
218814 4 0
218864 5 1
218864 3 0
218968 6 2
219104 4 3
219104 3 0
219154 3 1
219204 4 1
219204 5 0
219204 2 0
219204 4 0
219204 4 0
219299 5 2
219412 7 2
219412 5 0
219412 4 0
219462 8 1
219462 4 0
219512 8 1
219598 4 2
219598 2 0
219598 3 0
219598 2 0
219648 5 1
219725 3 2
219775 2 1
219775 2 0
219775 4 0
219775 5 0
219775 5 0
219879 6 2
219929 2 1
219929 2 0
219929 2 0
219979 7 1
219979 3 0
219979 5 0
219979 8 0
219979 5 0
219979 4 0
219979 6 0
219979 3 0
220029 5 1
220165 4 3
220165 3 0
220165 3 0
220165 7 0
220165 4 0
220215 4 1
220215 6 0
220215 3 0
220215 5 0
220265 4 1
220265 4 0
220265 3 0
222935 5 -1
222985 7 1
223121 4 3
223121 6 0
223207 4 2
223257 5 1
225493 4 -1
227729 4 -1
230399 5 -1
230449 4 1
230449 5 0
230449 5 0
230449 2 0
230449 3 0
230449 4 0
230449 2 0
230499 4 1
230549 2 1
230599 4 1
230599 6 0
233703 6 -1
233703 2 0
235939 4 -1
235939 2 0
235939 5 0
235939 4 0
235939 4 0
239043 6 -1
241279 4 -1
244383 6 -1
244383 3 0
244383 2 0
244383 6 0
244383 2 0
245751 2 -1
248421 5 -1
250223 3 -1
250223 2 0
250223 4 0
250223 3 0
250223 2 0
250273 8 1
250273 4 0
250273 2 0
250273 3 0
250273 8 0
250273 4 0
250273 5 0
250273 5 0
250273 5 0
250418 5 3
250418 7 0
250468 5 1
250581 7 2
250581 6 0
250631 4 1
250631 3 0
250681 5 1
250731 3 1
250731 5 0
250731 4 0
250731 2 0
250781 5 1
250831 7 1
250831 4 0
250881 2 1
250881 5 0
250931 5 1
251053 8 2
251053 2 0
251053 4 0
251157 6 2
251234 3 2
251234 5 0
251234 3 0
251234 3 0
251234 5 0
251284 8 1
251284 4 0
251284 4 0
251284 4 0
251284 2 0
251284 5 0
251370 4 2
251420 4 1
251420 4 0
251420 4 0
251420 6 0
251420 4 0
251470 2 1
251470 5 0
251470 8 0
251470 6 0
251520 4 1
251520 8 0
251570 8 1
251570 4 0
251674 6 2
251674 2 0
251674 4 0
254344 5 -1
254344 3 0
254344 2 0
254344 7 0
254344 4 0
254394 6 1
256196 3 -1
258866 5 -1
258866 4 0
258916 2 1
258916 3 0
258966 4 1
258966 7 0
259052 4 2
259052 2 0
259052 3 0
259052 4 0
259197 5 3
259197 6 0
259197 3 0
262735 7 -1
262735 4 0
262785 5 1
262785 5 0
262835 4 1
262885 2 1
262885 4 0
264687 3 -1
267357 5 -1
269159 3 -1
271395 4 -1
271395 3 0
271531 4 3
271531 4 0
273767 4 -1
276437 5 -1
278239 3 -1
278239 2 0
278289 5 1
278289 4 0
278339 4 1
278339 5 0
278425 4 2
278425 4 0
278425 4 0
278425 6 0
278425 3 0
278425 3 0
278425 4 0
278475 6 1
278525 5 1
278525 5 0
278575 3 1
278575 4 0
278575 5 0
278625 5 1
278675 4 1
278725 3 1
278725 2 0
278775 4 1
278775 6 0
278775 2 0
278825 4 1
278825 6 0
278825 4 0
278961 4 3
278961 4 0
279011 5 1
279011 4 0
279011 4 0
279011 3 0
279011 5 0
279011 6 0
279061 6 1
279147 4 2
279147 3 0
279233 4 2
279233 7 0
279310 3 2
279310 4 0
279310 4 0
279310 2 0
279360 4 1
279360 4 0
279455 5 2
279455 3 0
279455 3 0
279455 3 0
279455 4 0
279505 5 1
279555 2 1
279555 3 0
279555 5 0
279555 6 0
279605 4 1
279605 4 0
279605 3 0
279605 7 0
279655 6 1
282325 5 -1
282325 3 0
284995 5 -1
284995 4 0
284995 4 0
284995 3 0
285045 5 1
287715 5 -1
287765 3 1
287765 5 0
287765 4 0
287765 2 0
287765 3 0
287765 2 0
287765 4 0
287765 2 0
287765 6 0
287765 4 0
287928 7 3
287928 4 0
287978 3 1
291082 6 -1
291082 4 0
291132 3 1
291182 4 1
291182 3 0
291182 3 0
291345 7 3
293581 4 -1
295817 4 -1
298487 5 -1
298555 2 2
298555 7 0
298555 4 0
298555 4 0
300791 4 -1
300791 3 0
300791 5 0
300791 4 0
300791 5 0
300791 4 0
300877 4 2
300877 5 0
301013 4 3
301063 3 1
301113 6 1
301163 4 1
301213 5 1
301213 2 0
301213 3 0
301213 7 0
301263 4 1
301263 4 0
301263 8 0
301263 3 0
301263 2 0
301313 8 1
301426 7 2
301426 4 0
301426 5 0
301426 2 0
301426 4 0
301426 2 0
301426 5 0
301476 4 1
301476 3 0
301476 7 0
301476 4 0
301476 2 0
301526 4 1
301612 4 2
301612 6 0
301612 4 0
301612 6 0
301612 3 0
301612 5 0
301612 4 0
301612 5 0
301612 3 0
301662 4 1
301662 3 0
301662 6 0
301662 3 0
301712 5 1
301712 3 0
301780 2 2
301780 4 0
301780 4 0
301780 5 0
301902 8 2
301902 7 0
301952 4 1
301952 2 0
301952 5 0
301952 4 0
301952 3 0
301952 3 0
301952 5 0
301952 2 0
302002 4 1
304238 4 -1
304238 3 0
306908 5 -1
306908 4 0
306958 7 1
307008 4 1
307008 5 0
309244 4 -1
309244 2 0
309244 5 0
309244 5 0
309294 3 1
309294 7 0
309294 2 0
309294 4 0
309294 2 0
309294 2 0
309294 2 0
309294 3 0
309344 4 1
309344 7 0
312448 6 -1
312720 4 5
312770 4 1
312770 2 0
312770 3 0
312770 2 0
312770 4 0
315874 6 -1
318544 5 -1
321648 6 -1
321698 4 1
321748 4 1
321748 7 0
321748 6 0
324418 5 -1
324504 4 2
327174 5 -1
330278 6 -1
330278 5 0
330328 3 1
330328 4 0
330328 2 0
330328 5 0
330328 3 0
330378 7 1
330378 7 0
330428 3 1
330428 6 0
330514 4 2
330609 5 2
330609 4 0
330722 7 2
330772 3 1
330772 4 0
330772 5 0
330849 3 2
330944 5 2
330944 4 0
330944 2 0
331039 5 2
331089 7 1
331089 3 0
331089 4 0
331089 5 0
331243 6 3
331243 4 0
331293 5 1
331293 3 0
331438 5 3
331438 3 0
331438 2 0
331533 5 2
331533 3 0
331533 2 0
331583 5 1
331583 2 0
331678 5 2
331728 8 1
331728 4 0
331778 4 1
331778 3 0
331778 2 0
331864 4 2
331914 5 1
331914 2 0
331964 2 1
331964 4 0
332050 4 2
332050 7 0
332100 4 1
332100 3 0
332100 5 0
332204 6 2
332308 6 2
332358 5 1
332358 7 0
332358 2 0
332358 3 0
332453 5 2
335557 6 -1
337793 4 -1
339595 3 -1
339645 4 1
339645 4 0
339645 2 0
339645 4 0
341447 3 -1
344117 5 -1
344117 4 0
344117 5 0
344117 6 0
344117 4 0
344167 4 1
344167 4 0
344167 4 0
344167 3 0
344167 3 0
344167 6 0
344167 5 0
344167 2 0
346837 5 -1
346837 2 0
346837 4 0
346887 4 1
346973 4 2
347086 7 2
347086 4 0
349756 5 -1
352426 5 -1
354662 4 -1
354662 5 0
354662 4 0
354662 4 0
354662 4 0
357332 5 -1
358700 2 -1
362238 7 -1
364474 4 -1
364474 8 0
364474 4 0
364474 7 0
364560 4 2
364560 4 0
364560 3 0
364560 4 0
364560 5 0
364560 4 0
364560 6 0
364560 6 0
364610 4 1
364660 5 1
364660 6 0
364660 4 0
364660 2 0
364728 2 2
364805 3 2
364805 5 0
364805 5 0
364959 6 3
364959 3 0
365009 5 1
365009 3 0
365009 2 0
365009 5 0
365009 4 0
365009 2 0
365059 5 1
365213 6 3
365213 5 0
365213 5 0
365213 2 0
365213 3 0
365263 4 1
365263 4 0
365263 2 0
365263 4 0
365263 5 0
365263 4 0
365263 2 0
365263 3 0
365263 4 0
365349 4 2
365399 5 1
365449 3 1
365449 2 0
365449 5 0
365449 2 0
365449 2 0
365449 6 0
365449 3 0
365499 2 1
365499 5 0
365549 4 1
365549 8 0
365549 4 0
365599 6 1
365599 2 0
365649 5 1
365649 4 0
367885 4 -1
370555 5 -1
370605 5 1
370605 2 0
370859 6 4
370859 4 0
370909 4 1
372711 3 -1
374947 4 -1
374947 2 0
374947 4 0
374997 5 1
375047 3 1
375047 4 0
376415 2 -1
376415 5 0
378651 4 -1
378651 5 0
378651 2 0
378651 3 0
378651 5 0
380453 3 -1
383123 5 -1
385359 4 -1
385359 7 0
385359 5 0
385409 7 1
385409 2 0
387211 3 -1
387211 5 0
387211 2 0
389447 4 -1
389497 3 1
389592 5 2
389592 2 0
391394 3 -1
393630 4 -1
396300 5 -1
396300 3 0
396300 4 0
396413 7 2
396413 2 0
396463 6 1
396463 5 0
396463 3 0
396463 3 0
396558 5 2
396558 4 0
396608 5 1
396608 7 0
396703 5 2
396848 5 3
396848 5 0
396898 7 1
396898 7 0
396898 4 0
396898 3 0
396898 7 0
396898 6 0
396948 4 1
396948 5 0
396948 3 0
396948 5 0
396948 3 0
396998 5 1
396998 4 0
396998 7 0
396998 4 0
396998 3 0
396998 4 0
397093 5 2
397093 3 0
397093 4 0
397143 3 1
397193 5 1
397193 4 0
397193 3 0
397243 4 1
397356 7 2
397451 5 2
397501 6 1
397501 4 0
397501 5 0
397501 4 0
397655 6 3
397732 3 2
397782 4 1
397782 6 0
397782 2 0
397832 6 1
397882 7 1
397882 2 0
397882 2 0
397882 4 0
397959 3 2
397959 2 0
398113 6 3
398163 5 1
398163 6 0
398163 3 0
401701 7 -1
404371 5 -1
404421 8 1
404534 7 2
404534 4 0
404534 5 0
404584 5 1
405952 2 -1
407754 3 -1
407849 5 2
407899 6 1
407899 5 0
408071 8 3
408121 6 1
410791 5 -1
410791 2 0
410791 2 0
413027 4 -1
413077 4 1
413077 4 0
413172 5 2
416710 7 -1
419380 5 -1
419380 4 0
419430 7 1
419480 5 1
419480 4 0
419530 4 1
421766 4 -1
424870 6 -1
426238 2 -1
426333 5 2
426333 4 0
426333 2 0
426383 5 1
429053 5 -1
431723 5 -1
431723 8 0
431723 5 0
431723 2 0
431723 4 0
431723 4 0
431723 3 0
431723 2 0
431723 4 0
431877 6 3
431927 5 1
431927 4 0
431927 4 0
431927 3 0
431977 7 1
431977 3 0
431977 4 0
431977 3 0
431977 4 0
432027 3 1
432027 2 0
432027 3 0
432077 4 1
432127 5 1
432127 2 0
432127 4 0
432127 4 0
432127 3 0
432127 4 0
432127 3 0
432127 3 0
432177 4 1
432177 7 0
432227 3 1
432277 7 1
432327 3 1
432327 2 0
432327 5 0
432404 3 2
432404 4 0
432404 6 0
432649 5 4
432649 4 0
432649 2 0
432649 3 0
432649 5 0
432699 4 1
432699 8 0
432699 3 0
432699 5 0
432699 3 0
432699 2 0
432835 4 3
432835 4 0
432835 5 0
432885 4 1
432885 3 0
432980 5 2
432980 2 0
432980 5 0
433030 6 1
433107 3 2
433107 6 0
433157 4 1
435827 5 -1
435827 4 0
437629 3 -1
437679 6 1
437729 4 1
437797 2 2
437797 3 0
439599 3 -1
442269 5 -1
442269 4 0
442319 6 1
442319 2 0
442319 2 0
442319 3 0
445857 7 -1
445907 5 1
449879 8 -1
449879 3 0
449879 5 0
449929 4 1
449979 6 1
452215 4 -1
453583 2 -1
453660 3 2
453737 3 2
453787 4 1
453787 4 0
453882 5 2
456118 4 -1
456118 5 0
458354 4 -1
458440 4 2
458440 4 0
458440 2 0
458490 3 1
460726 4 -1
462528 3 -1
462646 2 3
462732 4 2
462732 6 0
462827 5 2
462877 3 1
462963 4 2
462963 4 0
463058 5 2
463108 4 1
463212 6 2
463212 5 0
463262 4 1
463262 3 0
463262 6 0
463262 2 0
463312 4 1
463312 4 0
463362 4 1
463362 5 0
463362 5 0
463362 4 0
463412 5 1
463412 4 0
463412 3 0
463462 2 1
463462 2 0
463512 5 1
463512 5 0
463512 4 0
463562 2 1
463707 5 3
463757 7 1
463757 4 0
463757 4 0
463870 7 2
463870 5 0
463920 5 1
463970 6 1
463970 4 0
463970 2 0
463970 2 0
463970 5 0
464020 3 1
464106 4 2
464251 5 3
464251 4 0
464355 6 2
464355 4 0
464355 5 0
464500 5 3
464636 4 3
464636 3 0
464636 4 0
464636 7 0
464636 2 0
464636 4 0
464636 4 0
464636 6 0
464636 5 0
464731 5 2
464731 4 0
464731 4 0
464731 2 0
467401 5 -1
469203 3 -1
471873 5 -1
474109 4 -1
474109 3 0
474159 4 1
474159 5 0
476395 4 -1
476490 5 2
476612 8 2
476707 5 2
476707 4 0
476707 4 0
476707 5 0
478509 3 -1
478559 2 1
478609 5 1
478609 3 0
478731 8 2
478781 6 1
478781 2 0
482319 7 -1
484121 3 -1
487225 6 -1
487225 4 0
487225 2 0
487225 3 0
487329 6 2
488697 2 -1
491367 5 -1
491417 4 1
491467 3 1
491467 2 0
491467 4 0
491467 3 0
494571 6 -1
497675 6 -1
499043 2 -1
501713 5 -1
501713 7 0
501713 3 0
501713 2 0
501799 4 2
501849 8 1
501899 4 1
501899 3 0
501899 2 0
501994 5 2
501994 4 0
502044 7 1
502044 4 0
502094 2 1
502094 2 0
502171 3 2
502171 6 0
502275 6 2
502325 5 1
502411 4 2
502411 2 0
502411 4 0
502411 3 0
502461 8 1
502511 5 1
502597 4 2
502597 2 0
502647 4 1
502697 4 1
502783 4 2
502833 2 1
502883 3 1
502883 2 0
502883 3 0
502883 3 0
502883 4 0
502969 4 2
502969 5 0
502969 2 0
502969 7 0
502969 4 0
502969 2 0
503019 2 1
503087 2 2
503137 2 1
503205 2 2
503282 3 2
503282 4 0
503332 4 1
503332 3 0
503332 2 0
503332 4 0
503382 2 1
503477 5 2
503477 3 0
503477 6 0
503527 5 1
503613 4 2
503663 6 1
503663 5 0
503663 8 0
503663 5 0
506333 5 -1
509003 5 -1
511239 4 -1
514343 6 -1
514343 3 0
514488 5 3
514488 3 0
517158 5 -1
517158 4 0
517158 3 0
517158 5 0
517262 6 2
517262 4 0
517312 3 1
517362 4 1
517362 4 0
517412 3 1
519648 4 -1
519648 2 0
519698 4 1
519698 3 0
521934 4 -1
521934 4 0
521984 3 1
525522 7 -1
525522 3 0
525522 6 0
525522 5 0
525522 5 0
525522 6 0
527758 4 -1
527844 4 2
527894 5 1
527894 2 0
527971 3 2
529773 3 -1
532009 4 -1
534679 5 -1
534729 5 1
534729 2 0
534779 4 1
534883 6 2
534883 3 0
534883 4 0
534883 4 0
534883 2 0
534933 4 1
534933 2 0
534933 5 0
534933 4 0
535019 4 2
535019 3 0
535019 4 0
535019 6 0
535123 6 2
535173 5 1
535173 2 0
535223 2 1
535223 7 0
535223 6 0
535223 6 0
535273 4 1
535436 7 3
535486 4 1
535486 4 0
535536 5 1
535536 2 0
535631 5 2
535631 5 0
535785 6 3
535835 5 1
535835 4 0
535885 4 1
535935 3 1
535935 3 0
535935 7 0
535935 4 0
535985 4 1
535985 2 0
536035 5 1
536085 4 1
536085 4 0
536085 2 0
536135 7 1
536135 5 0
536221 4 2
536221 5 0
536271 5 1
536271 5 0
536271 3 0
536357 4 2
536407 7 1
536407 4 0
536407 5 0
536407 3 0
536457 4 1
536507 6 1
536507 4 0
536507 3 0
536557 7 1
536557 4 0
539661 6 -1
541897 4 -1
541974 3 2
542024 7 1
542024 7 0
542024 3 0
544260 4 -1
547798 7 -1
547798 4 0
547798 3 0
547798 5 0
547848 4 1
547848 5 0
550518 5 -1
554056 7 -1
555858 3 -1
558528 5 -1
558528 3 0
558528 7 0
558528 4 0
559896 2 -1
559896 3 0
563000 6 -1
563000 3 0
563095 5 2
563249 6 3
563249 4 0
563249 3 0
563249 2 0
566787 7 -1
566787 2 0
566787 6 0
566787 8 0
566787 5 0
568155 2 -1
570391 4 -1
572627 4 -1
575731 6 -1
575731 4 0
575781 7 1
575876 5 2
575926 2 1
575926 2 0
575976 4 1
575976 2 0
575976 3 0
575976 4 0
576026 3 1
576026 2 0
576026 3 0
576076 5 1
576076 4 0
576076 4 0
576312 4 4
576380 2 2
576380 4 0
576380 4 0
576525 5 3
576525 8 0
576575 4 1
576625 4 1
576625 2 0
576675 5 1
576675 2 0
576675 4 0
576675 3 0
576675 5 0
576770 5 2
576770 3 0
576770 4 0
576770 3 0
576820 3 1
576820 4 0
576820 4 0
576870 6 1
576870 7 0
576870 5 0
576870 2 0
576870 2 0
576920 4 1
576920 5 0
577006 4 2
577006 4 0
577083 3 2
577083 4 0
577083 4 0
577083 5 0
577133 6 1
577133 5 0
577133 2 0
577133 4 0
577133 5 0
577133 3 0
577133 2 0
577183 4 1
577287 6 2
577287 6 0
577287 7 0
577287 2 0
580391 6 -1
580391 2 0
583061 5 -1
584863 3 -1
584863 3 0
584863 7 0
584958 5 2
587194 4 -1
590298 6 -1
590298 5 0
590298 7 0
590298 3 0
590298 4 0
590348 4 1
592150 3 -1
592254 6 2
592254 4 0
595358 6 -1
595358 4 0
595358 7 0
595408 7 1
597644 4 -1
597644 4 0
599012 2 -1
601248 4 -1
601248 4 0
601248 7 0
601248 6 0
603484 4 -1
606154 5 -1
608390 4 -1
608390 2 0
608390 4 0
608390 4 0
608390 6 0
610626 4 -1
613730 6 -1
617268 7 -1
617268 3 0
617268 7 0
617268 6 0
617268 2 0
617268 2 0
617268 6 0
617318 5 1
617422 6 2
617472 4 1
617472 2 0
617472 3 0
617626 6 3
617626 4 0
617676 2 1
617676 3 0
617676 3 0
617676 6 0
617726 3 1
617776 5 1
617776 6 0
617776 2 0
617776 2 0
617776 3 0
617776 4 0
617776 3 0
617776 2 0
617776 5 0
617826 4 1
617998 8 3
617998 5 0
618111 7 2
618111 5 0
618274 7 3
618274 3 0
618274 2 0
618274 5 0
618360 4 2
618360 4 0
618410 6 1
618410 4 0
618410 4 0
618410 6 0
618410 2 0
618410 2 0
618410 3 0
618460 5 1
618510 3 1
618510 4 0
618510 4 0
618510 4 0
618510 3 0
618510 2 0
618560 8 1
618560 6 0
618560 3 0
618560 3 0
618560 4 0
618560 3 0
618560 3 0
618637 3 2
618723 4 2
618723 2 0
620959 4 -1
623195 4 -1
625431 4 -1
627233 3 -1
627233 3 0
627233 2 0
627233 6 0
629035 3 -1
631705 5 -1
634809 6 -1
634809 3 0
634859 7 1
634909 5 1
634909 4 0
637579 5 -1
640683 6 -1
642485 3 -1
642485 2 0
642535 7 1
642585 3 1
642585 2 0
645255 5 -1
645305 3 1
647107 3 -1
648475 2 -1
648475 2 0
648525 5 1
648525 2 0
652063 7 -1
652063 2 0
654299 4 -1
658271 8 -1
658271 3 0
658271 2 0
658271 4 0
660941 5 -1
663177 4 -1
665413 4 -1
665413 4 0
665508 5 2
665508 2 0
665558 5 1
665558 4 0
665558 4 0
665558 2 0
665558 6 0
665558 3 0
665558 4 0
665558 3 0
665558 3 0
665558 4 0
665558 2 0
665558 5 0
665558 6 0
665558 4 0
665558 5 0
665662 6 2
665662 4 0
665662 5 0
665662 2 0
665662 6 0
665712 4 1
665712 4 0
665712 5 0
665712 3 0
665712 7 0
665825 7 2
665825 3 0
665825 3 0
665825 3 0
665825 2 0
665875 4 1
665925 5 1
665975 5 1
665975 4 0
666025 5 1
666025 4 0
666025 8 0
666025 4 0
666075 6 1
666125 4 1
666125 3 0
666125 6 0
666175 5 1
666175 4 0
666175 4 0
666175 6 0
666175 3 0
666175 2 0
666225 6 1
666275 8 1
666361 4 2
666488 3 3
666488 7 0
666488 4 0
666488 4 0
666488 2 0
666488 6 0
666488 5 0
666488 4 0
666488
672254
