0 4 52
0 4 26
0 3 100
0 2 2
0 4 53
50 4 59
50 2 88
50 5 25
50 4 18
50 7 1
100 7 92
100 7 19
100 6 52
100 2 54
100 2 45
100 2 22
100 3 46
100 4 47
100 3 75
100 2 3
100 6 3
100 5 56
150 6 33
150 3 19
150 6 75
150 3 16
150 2 58
150 4 38
200 5 27
200 4 89
200 3 68
200 3 74
200 3 24
200 3 32
200 3 46
200 3 31
200 6 47
200 2 15
200 5 13
250 4 9
250 6 25
250 8 31
372 8 45
372 2 11
372 2 49
372 4 5
372 3 15
372 4 45
458 4 21
458 2 33
458 6 67
458 2 28
458 2 33
458 4 37
458 3 94
458 3 91
458 5 12
458 4 31
458 4 74
458 4 39
458 2 1
458 4 18
458 6 1
508 5 73
508 3 3
508 5 47
508 8 1
508 5 1
508 7 89
508 4 5
508 3 32
508 4 11
508 3 66
508 3 10
508 4 82
508 4 53
508 4 46
508 4 20
508 5 52
508 7 1
508 2 18
508 4 17
508 4 32
508 2 88
508 6 9
508 3 54
508 3 29
508 2 25
508 4 57
508 2 23
508 6 54
508 4 17
508 2 85
558 3 33
558 3 47
558 4 24
558 6 75
608 4 24
608 4 3
608 3 39
608 6 39
608 2 53
658 7 29
658 7 68
658 2 47
658 4 12
658 4 34
658 3 12
658 5 34
708 5 75
708 6 67
708 4 68
708 3 60
708 4 18
708 6 15
708 4 22
708 4 77
708 6 94
708 4 69
708 4 4
708 4 56
708 3 17
708 6 24
708 4 95
708 5 14
708 3 47
708 5 3
708 8 2
708 6 56
758 7 43
758 6 16
758 4 11
758 2 76
758 4 54
758 8 18
808 6 33
808 3 88
808 2 82
808 5 59
808 3 89
858 6 1
858 4 89
858 3 26
858 3 38
858 4 28
858 2 18
858 3 64
858 5 28
858 4 63
908 4 40
908 4 60
908 6 3
908 2 88
908 2 3
908 4 25
908 2 100
908 5 95
908 3 87
908 6 13
908 6 3
908 2 40
908 4 47
908 5 68
908 4 84
908 6 18
908 7 1
908 4 14
908 4 95
908 4 19
908 5 67
908 7 12
908 4 24
908 7 21
908 3 68
908 6 94
908 2 17
908 6 52
908 4 74
908 2 80
908 5 26
908 6 40
908 3 7
908 2 94
908 3 17
908 6 4
908 2 80
908 4 50
908 2 43
908 3 10
908 3 1
908 4 9
908 3 54
908 3 77
908 4 12
908 2 95
908 3 55
908 6 26
908 2 59
958 7 90
958 2 51
958 2 26
1008 7 35
1008 5 23
1008 4 38
1008 5 67
1008 2 1
1008 2 28
1008 5 47
1008 4 1
1008 6 9
1008 4 23
1008 4 67
1008 3 10
1008 3 52
1008 3 31
1008 2 1
1008 7 43
1058 5 38
1058 3 38
1058 6 68
1058 2 1
1108 5 4
1108 3 36
1108 6 60
1108 4 4
1108 2 61
1108 2 59
1108 5 49
1108 7 87
1108 4 48
1108 2 57
1108 3 48
1108 3 47
1108 3 87
1108 4 82
1108 3 53
1108 5 37
1108 7 3
1108 4 19
1108 3 14
1108 4 33
1108 4 60
1108 2 60
1108 4 89
1108 4 39
1108 6 4
1108 6 50
1108 6 66
1108 5 33
1108 3 75
1158 8 7
1158 3 75
1208 4 18
1208 3 73
1208 3 18
1208 4 12
1208 4 93
1208 6 74
1208 4 92
1208 5 60
1208 5 25
1208 3 67
1208 4 32
1208 3 48
1208 2 11
1208 7 11
1208 7 32
1208 2 18
1208 4 39
1208 5 30
1208 6 67
1208 6 73
1208 6 43
1208 2 38
1208 3 8
1208 6 15
1208 4 32
1208 3 3
1208 3 54
1208 6 38
1258 6 23
1258 3 22
1258 3 17
1258 4 73
1258 6 20
1258 6 66
1258 4 54
1258 4 47
1258 2 63
1258 3 66
1258 5 25
1258 2 80
1258 3 66
1258 5 67
1258 7 46
1258 8 10
1258 3 39
1258 3 48
1258 3 19
1258 3 32
1258 4 5
1258 2 45
1258 4 4
1258 3 27
1258 6 86
1258 5 58
1258 6 2
1258 4 1
1258 4 47
1258 4 19
1258 3 89
1258 2 59
1258 2 43
1308 5 37
1308 3 39
1308 4 45
1308 5 53
1308 3 25
1308 4 49
1308 5 10
1308 5 7
1358 5 95
1358 4 82
1358 4 48
1358 3 33
1358 2 1
1358 4 26
1358 4 46
1358 3 10
1358 3 19
1358 3 82
1358 4 17
1358 2 10
1358 6 23
1358 4 22
1358 3 68
1444 4 80
1444 4 24
1444 4 74
1444 6 45
1494 4 13
1494 3 58
1494 5 54
1544 3 88
1544 7 23
1544 4 66
1594 3 24
1594 4 59
1594 5 1
1594 3 19
1644 8 74
1644 7 27
1644 4 93
1644 2 25
1644 5 87
1644 5 53
1644 4 33
1644 5 25
1644 3 11
1644 5 90
1644 4 55
1644 4 87
1644 3 81
1644 2 12
1644 3 99
1644 2 4
1694 8 93
1694 2 17
1694 6 26
1694 3 45
1694 8 13
1694 2 26
1744 6 98
1839 5 2
1839 2 75
1839 3 6
1889 5 80
1889 3 82
1889 3 25
1889 6 4
1889 5 73
1889 7 27
1889 5 48
1889 4 12
1889 4 3
1889 6 29
1889 8 66
1889 7 39
1889 4 32
1889 4 54
1889 4 40
1889 6 75
1889 4 60
1889 2 36
1889 4 11
1889 7 8
1939 3 2
1939 2 52
1939 7 37
1939 2 5
1939 2 3
1939 4 52
1939 4 25
1939 4 17
1939 7 48
1989 3 87
1989 2 3
1989 2 68
1989 4 21
1989 4 81
1989 3 81
2093 6 83
2093 5 25
2093 8 80
2093 4 26
2093 5 24
2093 4 96
2093 3 10
2093 4 32
2143 5 94
2143 2 60
2143 3 87
2143 6 24
2143 4 74
2143 2 4
2143 4 30
2193 6 36
2193 3 24
2193 8 40
2193 4 2
2193 7 66
2193 7 12
2193 4 45
2193 3 1
2193 6 18
2193 2 1
2193 4 11
2193 5 38
2193 3 25
2243 6 18
2243 5 39
2293 4 11
2293 7 29
2293 3 14
2293 4 26
2293 3 74
2293 4 27
2293 4 19
2293 2 82
2293 3 18
2293 2 60
2293 3 33
2293 4 87
2343 5 51
2343 3 11
2393 4 3
2393 5 94
2393 3 70
2393 6 46
2393 4 66
2393 4 30
2393 2 27
2393 6 80
2393 5 18
2393 5 46
2393 4 46
2393 4 36
2393 2 3
2443 4 42
2443 6 93
2443 2 17
2443 4 38
2493 4 59
2493 3 56
2588 5 2
2638 5 18
2638 3 54
2638 4 60
2638 5 5
2638 2 34
2688 3 78
2688 5 13
2688 2 30
2688 5 78
2688 4 26
2688 5 30
2688 8 11
2688 3 26
2688 4 40
2688 3 16
2688 3 28
2688 7 73
2688 3 95
2688 3 16
2688 4 95
2688 5 56
2688 4 3
2688 6 16
2688 4 45
2688 2 46
2688 5 27
2688 5 21
2688 2 56
2688 5 22
2738 8 81
2738 2 16
2738 7 38
2738 7 47
2738 2 35
2738 5 37
2738 2 82
2738 5 43
2738 4 58
2738 3 64
2738 3 3
2738 4 14
2788 6 42
2788 3 60
2788 4 24
2892 6 9
2892 3 4
2892 2 66
2892 2 32
2892 4 4
2892 4 74
2892 4 19
2892 4 59
2892 4 16
2892 5 68
2892 5 25
2892 7 61
2892 3 45
2892 5 4
2892 3 26
2892 2 14
2892 7 12
2892 2 91
2892 5 23
2892 5 83
2892 2 9
2892 3 31
2942 5 40
2942 4 22
2942 3 53
2942 5 12
2942 5 81
2942 4 80
2942 7 60
2942 6 88
2992 3 44
2992 2 73
2992 4 3
2992 2 35
2992 2 45
2992 3 53
2992 4 10
3042 6 98
3042 7 94
3042 6 18
3042 7 47
3042 2 18
3042 3 20
3092 5 27
3169 3 76
3169 6 82
3169 4 91
3169 2 45
3219 5 96
3219 7 80
3219 6 25
3219 3 11
3219 4 98
3219 4 62
3219 4 19
3219 5 88
3219 2 94
3219 3 81
3219 4 31
3219 4 18
3269 7 77
3269 8 49
3269 4 42
3269 2 20
3319 7 35
3319 3 87
3319 4 3
3319 4 67
3319 4 40
3319 3 51
3319 4 82
3319 5 5
3319 4 55
3319 5 40
3319 5 23
3432 7 95
3432 2 19
3432 4 88
3432 5 81
3432 2 47
3432 3 43
3432 4 15
3432 6 2
3432 4 12
3482 7 58
3482 5 15
3482 3 12
3482 3 12
3482 3 81
3482 5 94
3482 5 94
3482 2 1
3482 4 57
3482 4 1
3532 7 88
3532 4 61
3532 4 58
3532 4 44
3532 6 80
3532 4 2
3532 3 42
3532 7 52
3582 4 95
3582 4 99
3659 3 6
3709 5 78
3804 5 19
3854 4 31
3854 5 3
3904 6 23
3904 3 62
3904 7 95
3904 3 10
3904 4 33
3954 7 51
3954 3 24
3954 5 30
3954 8 80
4004 3 19
4081 3 6
4081 4 30
4081 3 43
4081 4 81
4081 7 73
4081 4 12
4081 2 19
4081 2 10
4081 6 48
4081 5 57
4081 7 38
4081 5 65
4131 3 9
4131 5 46
4131 4 16
4131 4 95
4181 6 88
4181 4 73
4181 3 68
4181 4 48
4181 2 35
4181 3 69
4181 8 54
4181 7 31
4181 3 1
4181 3 6
4181 4 24
4231 3 34
4281 4 17
4281 2 81
4331 4 61
4331 2 61
4331 4 18
4331 4 67
4331 3 44
4331 4 17
4331 4 76
4381 5 2
4381 4 4
4381 4 95
4381 4 32
4381 5 23
4381 6 27
4431 4 59
4431 4 15
4431 3 40
4431 3 26
4481 3 34
4594 7 53
4644 6 51
4644 3 88
4644 6 67
4644 5 38
4644 2 8
4644 8 13
4644 5 8
4644 2 96
4644 4 8
4644 4 46
4644 4 85
4644 3 10
4644 3 35
4644 7 14
4644 3 8
4644 4 7
4644 3 66
4644 4 60
4644 4 14
4644 3 95
4644 2 18
4694 7 17
4694 4 39
4694 2 39
4694 7 14
4694 4 1
4694 5 25
4694 3 10
4807 7 49
4807 6 49
4857 7 17
4857 5 31
4907 7 32
4907 4 53
4907 2 45
4907 3 19
4907 5 92
4907 5 81
4907 5 69
4907 2 18
4907 3 3
4957 7 6
5007 6 5
5007 2 17
5007 3 68
5057 4 92
5107 4 50
5107 5 8
5157 4 74
5157 4 80
5157 5 12
5157 6 87
5157 2 65
5157 3 1
5157 3 81
5157 4 99
5157 2 11
5157 2 41
5157 5 25
5157 2 60
5157 2 25
5157 4 46
5157 2 65
5157 4 96
5207 8 18
5207 5 4
5207 3 30
5207 6 36
5207 7 12
5207 3 4
5207 2 73
5207 7 22
5207 3 97
5207 5 23
5207 3 48
5207 4 87
5207 2 17
5311 6 11
5361 4 89
5361 3 16
5361 3 82
5361 5 87
5411 4 44
5411 2 25
5411 5 45
5461 4 59
5461 2 2
5461 4 26
5461 2 99
5547 4 84
5547 2 46
5547 4 3
5547 4 67
5547 4 77
5547 4 9
5547 2 67
5547 2 52
5547 3 75
5597 8 56
5597 3 96
5597 7 6
5597 4 19
5647 5 52
5647 4 59
5647 3 5
5647 2 88
5647 6 100
5647 3 32
5733 4 13
5733 4 81
5733 2 1
5733 5 45
5855 8 9
5855 5 57
5905 4 5
5991 4 13
6077 4 2
6077 5 57
6127 4 11
6127 8 49
6127 4 31
6127 3 52
6127 2 2
6127 3 69
6127 3 75
6127 5 95
6127 4 53
6127 4 27
6127 2 1
6177 4 14
6177 4 53
6177 5 4
6227 8 38
6227 2 33
6227 6 36
6227 7 34
6227 3 35
6277 8 8
6277 5 89
6277 3 28
6277 4 5
6277 4 80
6277 3 70
6277 4 36
6277 6 8
6277 3 41
6277 2 1
6277 3 56
6277 3 17
6277 5 31
6277 5 87
6277 5 94
6277 4 12
6277 5 24
6327 5 92
6327 3 69
6327 5 88
6377 4 69
6377 5 5
6427 7 76
6427 7 95
6427 4 39
6427 5 50
6427 2 19
6427 3 13
6427 4 31
6427 4 55
6427 2 14
6513 4 6
6599 4 13
6599 6 11
6599 2 1
6599 5 24
6599 6 55
6599 5 57
6599 2 1
6599 6 82
6599 2 4
6744 5 24
6744 4 24
6744 4 3
6794 6 52
6794 3 11
6794 8 53
6898 6 16
6898 4 11
7020 8 2
7020 8 23
7070 4 96
7120 5 97
7120 5 49
7120 8 4
7120 3 65
7120 5 53
7170 2 20
7170 3 47
7170 4 1
7170 4 33
7170 3 6
7170 3 81
7170 2 83
7220 3 30
7220 3 99
7220 6 65
7220 4 1
7270 4 17
7270 6 63
7270 2 78
7270 5 11
7270 8 29
7320 4 67
7320 4 26
7320 4 81
7320 2 73
7320 5 7
7320 3 33
7424 6 16
7424 4 24
7424 2 5
7424 3 73
7424 5 34
7474 4 90
7474 4 52
7474 3 46
7474 5 10
7474 6 68
7524 5 59
7524 6 94
7574 4 55
7574 7 81
7574 4 60
7624 4 11
7624 3 68
7624 3 26
7692 2 20
7742 4 6
7792 6 51
7792 3 43
7792 3 71
7792 6 33
7842 4 74
7842 3 40
7842 3 18
7842 4 2
7842 2 35
7842 2 12
7892 6 73
7892 2 38
7892 3 26
7942 3 59
7942 4 27
7942 6 46
7992 8 37
8042 5 74
8042 4 23
8042 3 57
8042 6 82
8042 4 87
8092 7 22
8092 5 54
8092 6 28
8142 6 53
8192 5 86
8192 6 20
8192 3 88
8192 6 54
8192 3 46
8287 5 55
8287 4 63
8337 5 16
8337 4 16
8337 8 24
8337 5 42
8337 4 50
8337 6 53
8337 5 44
8405 2 30
8405 2 1
8550 5 83
8550 5 59
8550 5 40
8550 5 2
8550 4 1
8550 3 97
8600 6 13
8600 5 90
8600 2 82
8600 4 44
8600 3 1
8686 4 41
8736 3 7
8736 4 59
8736 4 4
8736 4 38
8736 5 12
8786 3 14
8786 2 96
8786 5 2
8786 3 44
8836 7 76
8886 4 41
8886 2 11
8936 2 62
8936 5 50
8936 5 75
8986 5 67
8986 5 46
8986 3 39
8986 4 35
8986 5 57
8986 2 50
8986 2 3
9036 4 52
9086 6 30
9086 5 25
9136 3 5
9136 3 29
9136 2 45
9231 5 45
9231 6 95
9231 2 1
9281 4 39
9281 2 75
9367 4 45
9367 3 24
9367 7 67
9367 3 11
9367 4 52
9453 4 9
9503 5 9
9503 4 5
9503 4 16
9503 3 75
9503 5 60
9503 3 75
9553 6 45
9553 3 60
9553 4 24
9553 6 71
9553 2 18
9553 3 54
9553 4 13
9553 5 41
9603 4 83
9653 5 30
9653 3 5
9653 3 52
9653 6 17
9653 4 40
9653 5 25
9653 2 66
9703 4 40
9703 4 66
9703 4 23
9703 4 96
9703 6 15
9703 4 16
9753 5 35
9803 4 20
9803 2 54
9803 4 15
9853 3 72
9853 3 31
9903 4 74
9903 4 59
9998 5 9
10084 4 84
10084 4 31
10084 3 81
10084 3 27
10134 5 72
10184 4 79
10184 2 1
10184 5 23
10184 4 65
10184 5 24
10184 2 25
10184 5 75
10234 3 88
10234 2 2
10284 5 52
10284 5 3
10284 4 25
10284 6 49
10334 4 66
10334 5 59
10334 4 32
10447 7 86
10497 4 52
10497 4 26
10497 4 14
10547 6 59
10547 2 59
10547 3 18
10669 8 13
10669 3 1
10669 2 96
10669 6 89
10669 2 31
10669 5 20
10669 5 22
10764 5 19
10764 3 60
10764 7 91
10764 4 56
10764 5 33
10764 4 67
10764 6 19
10764 7 19
10764 4 26
10764 7 55
10764 2 16
10764 8 59
10764 4 67
10764 2 68
10764 3 12
10764 4 74
10814 5 10
10814 4 45
10814 4 3
10864 4 10
10864 6 25
10968 6 22
11018 8 12
11018 2 100
11018 5 67
11068 5 62
11118 4 7
11213 5 7
11213 4 74
11213 4 1
11213 4 73
11213 4 34
11263 8 39
11313 2 97
11313 6 64
11313 4 26
11313 3 96
11313 2 26
11313 4 21
11313 2 68
11313 4 14
11363 4 32
11363 3 12
11363 7 24
11363 3 46
11363 2 3
11363 2 59
11363 5 67
11363 7 32
11413 8 80
11413 3 10
11413 6 42
11413 4 52
11463 5 9
11463 4 3
11463 4 87
11463 4 3
11463 5 53
11513 6 27
11563 6 62
11563 2 26
11563 3 59
11563 4 23
11563 2 25
11667 6 76
11667 5 17
11667 6 88
11667 2 75
11735 2 8
11735 3 15
11735 8 39
11735 4 17
11803 2 52
11803 5 60
11853 5 65
11853 5 18
11903 5 44
11903 3 79
11903 5 36
11903 5 61
11998 5 66
11998 4 1
11998 3 16
11998 6 80
11998 5 2
11998 5 88
11998 4 40
12048 5 34
12048 8 54
12048 2 52
12048 4 32
12048 3 69
12048 4 11
12048 5 56
12098 3 16
12098 3 66
12098 3 82
12098 4 52
12098 7 2
12098 4 75
12098 6 4
12148 8 89
12198 7 49
12293 5 43
12293 8 7
12293 4 4
12293 5 47
12293 2 43
12343 4 27
12393 4 45
12393 3 50
12393 4 16
12393 4 16
12393 6 11
12393 3 53
12393 3 87
12393 5 25
12393 4 9
12393 3 33
12393 2 26
12393 2 43
12443 7 6
12443 5 1
12443 2 49
12443 6 88
12493 3 83
12493 3 3
12493 3 94
12543 4 34
12543 4 41
12679 4 62
12679 4 39
12729 3 80
12824 5 77
12824 3 5
12824 6 58
12824 4 8
12824 4 25
12824 3 10
12919 5 22
12969 5 29
12969 4 21
12969 4 40
12969 5 87
12969 4 67
12969 2 45
12969 3 52
12969 6 45
12969 5 82
12969 3 43
13019 2 10
13019 3 50
13019 2 33
13019 4 60
13069 4 14
13069 3 58
13119 6 4
13119 4 10
13119 2 2
13119 2 81
13119 4 39
13169 7 65
13219 4 13
13219 4 29
13269 3 29
13269 2 72
13269 2 1
13373 6 93
13423 4 10
13423 6 88
13559 4 53
13559 2 66
13609 3 86
13695 4 27
13745 3 24
13745 4 91
13795 2 24
13845 3 83
13845 3 37
13845 4 23
13895 8 35
13999 6 28
14049 4 86
14099 5 3
14099 4 89
14099 8 27
14099 3 87
14099 5 5
14099 7 7
14099 5 49
14185 4 21
14185 7 57
14185 5 9
14185 2 76
14235 4 30
14235 4 29
14235 5 2
14235 5 38
14235 2 97
14285 4 11
14285 3 3
14285 4 39
14285 3 52
14285 4 34
14285 6 35
14285 3 12
14285 4 75
14335 5 26
14385 4 26
14530 5 61
14530 4 31
14530 4 11
14530 2 40
14530 4 9
14530 7 27
14580 3 37
14657 3 58
14811 6 65
14861 2 22
15015 6 29
15015 3 1
15015 2 57
15015 4 46
15101 4 6
15101 5 10
15101 2 88
15101 4 26
15151 4 2
15151 3 89
15151 4 26
15201 2 28
15201 4 43
15251 4 88
15337 4 16
15414 3 46
15414 5 96
15414 4 46
15414 5 23
15464 5 51
15464 4 14
15464 2 53
15464 4 5
15464 4 90
15514 8 25
15591 3 22
15591 4 53
15591 5 55
15677 4 71
15677 3 43
15677 6 78
15677 3 85
15677 4 77
15727 2 6
15777 4 13
15827 3 48
15827 3 34
15877 3 4
15877 5 32
15877 4 28
15927 3 20
15927 2 30
15927 3 54
15927 2 19
15927 4 81
15927 4 33
16049 8 29
16049 3 14
16049 3 54
16049 5 49
16176 3 6
16176 3 38
16176 8 31
16176 6 98
16176 3 3
16176 7 83
16176 4 33
16176 3 41
16176 2 68
16176 2 14
16176 2 2
16280 6 7
16357 3 93
16357 3 43
16357 4 85
16357 5 75
16357 2 3
16357 3 4
16357 5 32
16357 3 94
16357 6 18
16357 3 73
16357 4 23
16407 5 25
16457 7 43
16457 4 3
16457 3 26
16457 2 59
16457 3 87
16457 4 10
16507 4 48
16507 2 63
16557 5 51
16557 5 42
16557 6 74
16557 4 53
16557 4 11
16557 7 38
16557 2 17
16557 7 90
16557 7 2
16557 2 1
16557 3 59
16607 5 48
16607 4 10
16657 4 61
16707 4 12
16707 7 27
16707 4 53
16707 4 26
16707 3 44
16707 3 45
16707 5 95
16707 5 53
16811 6 29
16861 4 86
16911 5 86
16911 4 89
16961 3 97
17074 7 24
17074 4 73
17074 5 42
17074 2 9
17246 8 28
17246 6 23
17246 8 91
17246 3 2
17296 2 51
17296 2 80
17296 3 43
17296 5 32
17296 3 32
17346 5 88
17346 6 20
17432 4 6
17432 3 33
17432 3 100
17432 3 16
17482 3 99
17754 8 69
17754 4 47
17754 3 7
17754 4 69
17754 5 23
17754 4 17
17754 4 12
17754 2 3
17849 5 42
17849 3 46
17849 3 7
17849 5 11
17849 4 89
17849 6 51
17849 4 66
17849 3 50
17849 2 28
17849 4 81
17849 8 25
17849 5 58
17849 5 24
17849 5 88
17849 2 20
17849 3 53
17849 6 2
17849 2 58
17849 3 40
17849 4 96
17849 7 59
17849 2 87
17849 4 64
17899 4 20
17899 4 100
17994 5 13
17994 5 33
17994 4 48
17994 8 94
17994 4 60
17994 3 19
18062 2 72
18062 2 4
18112 8 47
18112 3 65
18162 6 70
18162 7 23
18212 4 9
18298 4 7
18298 2 85
18298 4 73
18402 6 44
18402 2 46
18452 6 74
18574 8 30
18574 3 40
18574 6 62
18574 7 97
18624 4 41
18624 5 41
18624 2 46
18692 2 8
18692 2 49
18692 3 20
18742 8 28
18742 3 88
18742 4 46
18742 3 96
18742 2 84
18742 3 12
18742 2 17
18792 6 44
18792 6 19
18792 4 18
18792 4 1
18792 4 32
18792 3 5
18792 4 28
18792 5 48
18792 4 40
18792 3 95
18842 4 77
18842 4 4
18842 4 8
18842 4 27
18842 2 75
18842 2 48
18842 7 20
18892 3 86
18892 2 1
18987 5 9
18987 4 52
19037 5 26
19037 4 47
19087 6 87
19359 8 6
19454 5 74
19454 3 26
19454 3 47
19454 6 66
19454 2 52
19454 3 18
19558 6 6
19608 4 49
19608 3 16
19694 4 61
19694 3 99
19694 4 15
19694 5 22
19694 2 16
19694 6 69
19694 4 80
19744 7 91
19744 4 47
19744 3 59
19744 3 25
19744 5 12
19744 7 7
19744 3 24
19744 4 53
19744 4 10
19794 4 37
19844 5 5
19894 7 21
19894 3 2
19894 8 29
19894 5 88
19894 5 17
19894 3 7
19894 5 6
19894 4 59
19894 2 82
19894 4 15
19894 7 37
19894 3 40
19894 3 52
19998 6 5
20048 5 61
20098 8 34
20098 4 82
20148 3 6
20148 3 59
20148 2 95
20148 4 74
20198 3 3
20198 4 3
20198 5 31
20198 3 10
20248 7 67
20248 4 31
20248 4 46
20298 4 28
20298 2 29
20298 4 88
20298 3 20
20298 3 53
20298 4 45
20402 6 27
20402 4 6
20452 7 66
20502 4 26
20552 2 50
20552 4 95
20674 8 97
20674 6 15
20724 5 1
20724 2 27
20724 3 22
20774 2 7
20774 4 7
20774 4 78
20824 2 3
20824 4 51
20874 6 76
20874 4 26
20874 4 21
21028 6 58
21078 6 68
21128 4 46
21128 3 17
21128 3 61
21178 7 51
21255 3 41
21255 4 52
21255 4 8
21332 3 50
21332 3 40
21382 8 21
21382 4 45
21382 5 14
21382 2 9
21382 2 84
21382 7 54
21432 3 13
21482 6 19
21482 4 60
21482 6 52
21482 3 18
21482 7 30
21532 4 33
21659 3 55
21659 4 95
21659 4 90
21659 5 67
21727 2 39
21727 2 83
21727 6 30
21727 2 12
21727 4 4
21777 4 32
21777 4 72
21777 8 36
21863 4 98
21863 4 68
21863 8 11
21863 2 46
21863 4 21
21863 3 4
21863 3 21
22035 8 6
22130 5 20
22180 6 85
22180 4 31
22230 4 56
22230 3 60
22280 4 82
22280 2 68
22280 5 39
22280 6 18
22280 3 19
22280 4 10
22280 2 36
22366 4 13
22416 5 96
22416 2 7
22416 5 8
22466 4 24
22466 2 87
22466 4 58
22466 3 39
22516 3 79
22566 2 13
22566 2 27
22616 5 13
22666 2 11
22716 8 35
22716 6 55
22716 5 33
22784 2 91
22784 6 7
22784 2 54
22834 6 5
22834 2 40
22834 2 21
22979 5 41
22979 2 39
22979 6 47
23029 7 92
23029 5 32
23029 2 47
23029 2 45
23029 3 25
23029 5 17
23079 2 83
23129 4 8
23129 6 12
23179 5 8
23179 6 52
23179 6 99
23179 3 69
23229 5 9
23279 5 10
23329 5 71
23329 3 73
23329 2 72
23329 3 56
23329 5 43
23329 5 34
23329 4 12
23379 6 30
23379 5 40
23379 6 17
23379 4 1
23379 5 11
23379 3 10
23379 6 23
23379 4 24
23379 3 43
23429 3 41
23429 8 29
23429 4 60
23429 5 31
23479 6 85
23574 5 90
23574 6 35
23651 3 44
23651 5 2
23651 3 15
23651 4 34
23651 2 11
23651 5 21
23651 2 1
23651 3 28
23701 5 7
23701 8 29
23701 3 89
23701 2 12
23701 3 27
23701 5 48
23701 2 5
23787 4 64
23787 4 74
23837 6 57
23837 3 84
23837 2 32
23837 3 68
23837 5 51
23837 3 31
23837 4 12
23950 7 4
23950 5 4
24000 4 33
24000 3 19
24000 4 75
24050 2 55
24050 2 12
24100 4 57
24150 6 42
24150 3 47
24150 3 25
24150 3 40
24150 8 22
24150 3 24
24150 4 36
24150 6 25
24150 7 24
24200 5 45
24250 5 85
24250 3 94
24250 5 61
24250 5 46
24250 5 26
24250 5 58
24250 2 24
24300 5 35
24300 2 29
24300 3 26
24368 2 28
24463 5 48
24463 3 16
24463 3 60
24463 4 17
24463 3 7
24513 2 13
24513 3 11
24563 6 23
24563 5 74
24563 5 27
24563 4 81
24690 3 28
24690 4 100
24776 4 44
24776 3 74
24776 3 9
24826 4 30
24826 3 1
24826 3 42
24826 3 56
24826 4 48
24826 4 9
24826 4 49
24876 5 98
24876 2 28
24989 7 5
25111 8 41
25233 8 86
25233 3 25
25233 2 67
25233 8 90
25283 8 62
25283 2 82
25283 6 25
25283 3 68
25283 5 45
25283 3 18
25283 5 3
25333 4 5
25333 3 68
25333 8 10
25383 5 61
25383 5 42
25433 2 32
25433 2 73
25433 3 32
25433 5 51
25483 7 30
25483 4 2
25533 6 4
25533 7 11
25687 6 15
25737 3 9
25787 4 6
25837 4 34
25887 3 5
25982 5 89
26032 6 28
26032 8 7
26032 3 10
26032 4 40
26032 3 66
26082 4 38
26082 3 55
26082 4 2
26236 6 4
26399 7 90
26399 2 21
26485 4 70
26535 6 74
26585 8 50
26585 4 4
26585 4 15
26635 7 9
26635 3 67
26635 3 33
26685 4 14
26735 4 6
26735 3 2
26735 3 44
26735 3 26
26821 4 35
26925 6 34
26925 5 37
26975 2 47
26975 4 16
26975 3 3
26975 6 9
27025 4 37
27111 4 13
27215 6 54
27319 6 20
27432 7 73
27482 4 42
27532 4 34
27609 3 41
27659 5 50
27659 4 3
27659 5 59
27659 4 49
27736 3 48
27736 4 29
27736 3 99
27786 4 98
27786 7 9
27786 4 59
27836 6 52
27972 4 76
27972 6 8
27972 4 42
27972 4 87
27972 2 19
27972 3 31
27972 4 95
27972 2 47
27972 4 31
27972 7 45
27972 7 27
28022 5 39
28022 5 97
28108 4 58
28108 6 10
28108 4 32
28108 3 1
28108 4 89
28108 2 33
28108 2 21
28108 3 93
28108 3 34
28108 4 1
28108 5 60
28108 3 53
28108 4 31
28158 6 38
28158 6 98
28158 4 17
28158 3 5
28235 3 47
28235 2 39
28235 3 29
28235 4 39
28235 4 84
28235 4 3
28235 7 89
28235 3 50
28235 3 18
28235 5 56
28235 5 38
28330 5 71
28425 5 53
28425 6 85
28425 4 77
28425 5 25
28475 5 96
28475 4 30
28475 4 69
28475 4 3
28561 4 33
28561 6 3
28561 4 60
28561 4 42
28561 5 6
28611 3 6
28611 7 48
28611 4 19
28611 5 13
28661 3 57
28661 4 33
28661 3 18
28711 3 69
28711 3 79
28711 4 26
28806 5 14
28856 4 63
28856 3 38
28856 2 33
28906 5 23
28906 7 50
28906 5 47
28906 6 32
28906 3 6
28956 4 2
28956 3 18
29006 2 22
29006 3 24
29006 5 15
29006 4 52
29006 5 27
29056 6 7
29106 5 88
29156 6 36
29156 5 33
29156 8 52
29206 6 43
29274 2 5
29274 4 89
29274 3 15
29274 6 97
29274 6 37
29274 3 59
29360 4 20
29360 3 28
29360 4 87
29455 5 79
29455 4 11
29455 7 76
29455 5 29
29600 5 83
29600 2 37
29600 4 97
29600 5 5
29600 5 67
29600 3 10
29722 8 63
29722 4 47
29772 4 90
29822 3 8
29872 5 12
29922 5 8
30067 5 55
30117 6 64
30117 5 19
30221 6 84
30221 5 96
30221 5 32
30221 5 1
30221 4 89
30221 5 7
30221 3 14
30271 5 28
30271 4 87
30271 3 14
30271 3 17
30271 7 22
30321 3 26
30371 4 37
30371 6 96
30475 6 13
30475 3 2
30475 8 88
30475 3 60
30475 5 48
30579 6 28
30579 3 12
30629 5 91
30629 5 36
30629 2 16
30629 4 2
30629 3 98
30751 8 33
30751 4 23
30751 2 47
30751 2 43
30837 4 38
30973 4 34
31023 7 16
31023 5 15
31023 5 22
31023 5 24
31023 4 80
31023 4 27
31023 4 35
31023 4 9
31023 3 43
31073 3 20
31073 4 95
31141 2 8
31245 6 30
31245 3 87
31245 7 10
31295 5 41
31295 5 62
31345 3 50
31345 2 10
31395 4 23
31395 4 39
31395 3 73
31395 4 53
31395 5 50
31395 2 4
31395 7 8
31395 3 38
31395 5 4
31395 4 39
31395 2 17
31445 5 68
31495 8 28
31545 5 95
31545 2 45
31595 5 3
31595 3 40
31645 3 47
31645 3 99
31695 2 2
31695 6 78
31695 2 9
31695 5 63
31799 6 16
31849 3 27
31849 7 37
31849 4 17
31849 2 25
31849 4 44
31849 2 19
31849 2 3
31944 5 92
32048 6 48
32098 5 83
32098 2 63
32098 2 67
32098 5 24
32148 6 22
32148 2 46
32148 3 82
32148 6 27
32148 7 26
32148 4 5
32148 5 61
32148 4 34
32148 4 1
32148 4 25
32148 5 36
32148 4 88
32148 2 30
32148 4 16
32148 4 87
32148 3 21
32148 7 15
32148 5 96
32198 3 97
32198 4 66
32198 5 14
32198 7 38
32320 8 60
32320 4 13
32320 3 27
32320 3 19
32320 3 42
32320 4 53
32320 4 50
32320 6 33
32320 4 61
32320 5 68
32397 3 55
32483 4 6
32560 3 26
32560 3 38
32560 5 11
32560 4 99
32560 3 40
32560 4 26
32560 3 57
32560 3 42
32560 4 31
32560 4 8
32560 4 88
32560 2 40
32560 4 33
32610 3 94
32660 4 56
32755 5 23
32755 4 36
32755 4 84
32805 3 75
32855 2 51
32941 4 58
32991 7 16
32991 4 17
32991 3 41
32991 4 32
32991 5 9
32991 2 32
33041 7 44
33041 3 96
33041 3 77
33041 2 29
33041 5 95
33041 5 26
33091 2 29
33091 2 74
33091 4 29
33091 5 94
33091 5 17
33141 6 64
33191 6 3
33191 3 44
33241 4 36
33291 3 8
33291 5 81
33291 5 25
33291 5 70
33377 4 67
33377 2 59
33377 3 30
33377 4 31
33377 3 18
33427 4 82
33427 2 15
33477 5 28
33527 2 15
33699 8 24
33699 7 43
33699 4 76
33699 3 87
33785 4 37
33785 3 30
33835 4 44
33921 4 6
33971 5 7
34021 3 90
34021 4 12
34021 5 7
34071 4 86
34121 5 18
34121 3 11
34171 5 49
34171 8 97
34171 4 3
34171 3 1
34221 2 45
34271 4 41
34271 6 98
34271 6 57
34321 5 44
34321 2 36
34434 7 5
34547 7 2
34547 7 95
34547 5 10
34547 4 20
34597 4 46
34647 3 11
34697 4 12
34747 2 96
34747 4 58
34747 4 41
34747 5 35
34833 4 2
34833 6 65
34833 6 6
34883 4 60
34883 5 24
34933 4 39
34933 5 58
34933 2 68
34933 4 66
34933 5 47
35028 5 36
35028 2 20
35028 4 43
35028 2 31
35028 5 8
35123 5 31
35123 2 47
35123 3 32
35123 4 21
35123 4 83
35123 3 19
35123 4 99
35123 4 59
35123 7 5
35123 4 10
35173 3 37
35173 7 30
35309 4 44
35309 5 75
35309 3 89
35309 3 74
35309 6 80
35359 4 18
35436 3 9
35436 4 8
35436 3 8
35436 4 98
35436 8 14
35436 4 60
35436 4 29
35522 4 28
35522 4 5
35522 4 66
35572 4 21
35622 5 81
35672 3 91
35672 6 7
35672 4 40
35672 3 21
35722 2 41
35722 3 32
35722 3 14
35722 2 46
35772 5 37
35867 5 73
35867 4 79
35971 6 20
35971 3 28
35971 3 24
36021 4 4
36021 6 4
36021 2 82
36021 4 88
36021 4 16
36071 5 50
36071 5 64
36071 5 81
36071 4 11
36071 6 95
36198 3 18
36311 7 22
36311 5 12
36311 2 30
36388 3 13
36388 2 47
36388 3 45
36438 4 49
36438 3 15
36488 3 55
36538 3 19
36538 3 13
36538 4 85
36538 4 1
36538 4 75
36588 4 25
36638 5 13
36638 3 39
36688 2 6
36688 3 23
36688 4 40
36738 5 58
36738 4 21
36738 4 4
36738 6 70
36738 3 24
36788 7 20
36788 5 35
36788 3 31
36788 4 4
36960 8 14
36960 4 73
36960 3 23
36960 6 13
37010 5 88
37060 4 47
37110 6 18
37110 6 25
37205 5 21
37205 4 10
37255 3 19
37255 4 78
37255 5 94
37255 5 84
37255 4 14
37255 4 30
37332 3 7
37332 3 61
37332 5 58
37332 3 41
37332 3 96
37382 4 90
37382 3 100
37382 4 13
37432 3 5
37482 5 59
37482 5 12
37482 2 6
37482 4 74
37532 8 45
37582 5 19
37582 2 24
37582 3 19
37632 4 44
37682 4 32
37682 4 32
37682 3 39
37682 4 59
37682 7 6
37682 5 44
37732 5 46
37732 5 79
37782 2 95
37782 8 45
37782 7 11
37782 3 82
37782 5 5
37782 4 94
37782 5 40
37782 4 31
37782 5 10
37832 6 30
37832 3 15
37832 3 20
37832 5 35
37909 3 89
38063 6 9
38063 4 80
38063 4 45
38063 2 47
38063 2 20
38199 4 76
38249 4 22
38299 5 16
38299 3 59
38403 6 5
38403 3 72
38403 2 53
38403 3 46
38507 6 46
38507 2 26
38507 5 30
38557 3 44
38557 2 32
38557 6 51
38557 2 18
38557 3 11
38652 5 92
38652 4 31
38652 4 45
38738 4 44
38788 7 1
38838 4 73
38838 4 67
38933 5 9
38933 4 46
38933 8 4
39087 6 42
39087 4 63
39087 3 52
39087 2 18
39087 2 7
39087 3 26
39137 4 96
39137 3 8
39187 5 15
39187 4 39
39237 2 61
39287 6 75
39287 7 51
39337 7 78
39387 5 87
39437 5 31
39487 2 38
39487 7 72
39582 5 72
39582 3 96
39582 5 3
39582 3 27
39582 4 50
39582 4 53
39582 5 12
39632 4 17
39632 4 42
39632 4 59
39632 2 56
39632 4 13
39632 7 14
39632 3 48
39718 4 97
39718 3 55
39718 7 35
39718 4 94
39718 4 22
39831 7 34
39831 6 29
39917 4 82
39967 3 20
39967 4 50
39967 4 54
39967 2 27
39967 4 19
39967 4 58
39967 3 62
40044 3 29
40130 4 13
40130 5 12
40130 4 48
40180 8 46
40180 5 41
40180 4 58
40180 5 89
40230 4 46
40230 3 2
40230 2 67
40230 2 16
40230 4 4
40325 5 28
40375 5 37
40425 4 40
40552 3 21
40602 8 61
40602 4 45
40652 6 79
40652 6 39
40652 2 51
40702 6 29
40702 5 23
40752 4 54
40752 3 27
40802 2 98
40802 3 58
40802 4 95
40802 4 3
40802 3 53
40802 5 5
40852 5 20
40852 4 28
40938 4 41
40988 4 25
40988 6 17
40988 4 74
40988 4 47
40988 3 96
40988 3 82
41038 3 76
41201 7 28
41201 2 12
41201 2 67
41201 3 11
41201 6 27
41201 4 46
41201 2 10
41251 6 77
41251 4 20
41301 4 21
41301 2 20
41301 7 24
41351 4 55
41401 4 4
41401 3 38
41401 4 54
41401 4 9
41401 7 10
41401 3 30
41451 2 34
41564 7 16
41650 4 31
41700 5 44
41700 5 17
41750 5 38
41750 8 2
41750 4 11
41750 5 1
41750 7 9
41800 4 53
41800 4 7
41800 3 29
41800 5 26
41800 3 89
42054 6 6
44290 4 71
46960 5 70
47010 4 3
47010 4 38
47010 4 41
47010 4 41
47060 4 37
47205 5 6
47205 2 94
47205 4 65
47255 4 14
47255 5 59
47305 6 31
47305 2 45
47409 6 28
47486 3 11
47486 2 33
47486 4 31
47486 5 31
47486 2 94
47631 5 97
47631 3 5
47681 4 20
47681 4 53
47758 3 6
47826 2 49
47826 5 59
47826 4 71
47826 2 74
47826 6 34
47826 5 26
47876 4 48
47876 5 16
47876 4 88
47876 3 80
47876 2 88
47953 3 58
48003 2 40
48080 3 39
48130 6 20
48130 2 29
48180 5 21
48293 7 22
48293 4 21
48343 3 13
48393 3 8
48393 3 10
48529 4 86
48529 4 75
48529 6 41
48529 2 81
48529 2 31
48529 5 10
48529 2 73
48529 2 19
48529 4 27
48579 7 15
48665 4 32
48665 3 37
48665 2 40
48819 6 62
48932 7 55
48982 5 34
48982 4 19
49032 4 87
49127 5 54
49177 3 38
49177 3 54
49177 2 2
49227 4 37
49227 2 10
49277 4 8
49277 2 10
49277 5 51
49277 4 10
49381 6 28
49431 3 26
49553 8 15
50921 2 93
51016 5 16
51016 7 72
51066 5 28
51066 6 71
51066 2 59
51116 6 9
51116 6 58
51116 4 53
51116 5 48
51166 3 36
51166 5 11
51216 4 25
51302 4 79
51352 5 8
51429 3 21
51429 5 16
51479 7 6
51479 3 33
51479 6 43
51479 5 26
51479 4 33
51479 3 59
51479 2 79
51479 5 19
51479 4 23
51556 3 90
51606 6 47
51701 5 76
51701 2 1
51701 4 30
51751 6 21
51751 6 12
51751 4 8
51751 5 23
51873 8 22
51873 4 85
51873 3 11
51873 4 42
51873 2 37
51923 2 6
51923 3 33
51973 6 14
52023 4 2
52109 4 92
52213 6 32
52308 5 24
52403 5 20
52453 6 6
52503 6 94
52503 2 24
52503 4 40
52553 5 31
52553 2 25
52648 5 42
52648 3 44
52698 4 29
52698 4 57
52698 2 80
52748 5 39
52748 3 85
52748 2 29
52748 4 19
52748 2 25
52798 5 41
52798 3 65
52798 4 15
52848 7 34
52898 5 100
52898 6 27
52898 5 50
52898 7 44
52898 2 17
52948 8 73
52948 5 89
52998 6 81
53084 4 5
53084 3 51
53197 7 44
53197 5 37
53197 6 40
53310 7 97
53310 4 48
53360 6 11
53455 5 80
53505 5 58
53505 3 28
53555 7 90
53555 2 47
53555 4 56
53555 4 19
53605 8 55
53605 4 60
53605 5 31
53768 7 18
53768 5 89
53845 3 44
53895 5 2
53895 4 26
53895 3 12
56131 4 93
56181 3 1
56267 4 29
56317 4 2
56367 4 13
56367 4 20
56417 4 94
56417 5 15
56417 3 82
56417 2 88
56417 5 6
56417 4 71
56417 3 11
56417 6 51
56417 5 5
60389 8 78
60439 5 58
60439 3 96
60439 5 52
60552 7 76
60552 4 38
60552 2 5
60552 4 52
62788 4 70
62788 4 88
62788 4 24
62788 2 25
62788 6 39
62788 4 28
62788 6 36
62838 5 73
62838 3 96
62838 6 51
62888 6 45
62888 3 34
62888 2 96
62938 5 19
62988 3 4
62988 2 54
62988 3 67
62988 7 58
62988 3 53
63038 7 19
63038 6 9
63038 5 28
63038 4 98
63038 4 85
63088 7 70
63088 4 96
63138 6 18
63233 5 17
63283 3 17
63333 5 92
63333 4 22
63333 5 4
63455 8 35
63550 5 44
63550 2 83
63550 4 29
63686 4 15
63686 4 95
63686 4 28
63686 4 74
63686 4 28
63686 2 38
63686 5 91
63686 2 8
63772 4 90
63772 6 5
63772 4 22
63772 2 16
63822 7 18
63935 7 15
63935 2 25
63935 2 88
63935 8 81
63985 6 34
63985 5 74
63985 2 68
64035 6 96
64035 4 40
64189 6 72
64189 2 87
64189 5 44
64189 3 26
64189 5 25
64189 4 47
64239 4 75
64289 6 57
64289 3 83
64289 4 61
64289 5 88
64289 2 1
66525 4 100
66575 3 43
66670 5 62
66747 3 37
66747 5 3
66797 4 21
66892 5 89
69128 4 93
69128 2 59
69128 6 29
69128 4 34
69178 6 44
69178 3 47
69291 7 45
69291 2 9
69291 5 20
72829 7 84
72915 4 2
72915 6 82
73037 8 84
73037 2 8
73087 6 18
73137 3 29
73187 4 15
73187 6 32
73187 7 49
73187 5 46
73187 4 39
73187 4 24
73237 7 8
73287 8 41
73287 5 33
73287 3 33
73287 3 45
73287 6 84
73400 7 13
73450 3 85
73554 6 12
73554 2 54
73554 5 3
73554 3 77
73554 5 17
73554 4 45
73554 4 12
73554 4 20
73554 3 10
73604 4 60
73604 3 36
73690 4 13
73690 5 19
73690 5 53
73690 2 61
73740 4 27
73817 3 7
73867 3 13
73867 3 16
73867 4 29
73917 3 66
73967 2 75
73967 2 81
74017 7 56
74017 4 59
74067 6 66
74067 4 10
74117 5 87
74167 3 89
74235 2 52
74285 5 38
74371 4 86
74371 6 18
74421 6 83
74421 2 4
74421 5 61
74421 3 74
74507 4 85
74507 6 16
74643 4 9
74643 4 53
74643 2 59
74643 4 38
74643 5 18
74643 3 100
74693 6 66
74743 2 8
74743 4 19
74793 3 14
74793 3 89
74793 6 60
74793 2 22
74793 5 17
74793 3 87
74843 3 46
74843 4 32
74843 4 13
74843 2 82
74893 6 75
74893 5 33
74970 3 80
75020 8 86
75020 8 10
75020 4 1
76388 2 99
76388 2 1
76438 4 22
76438 2 43
76488 5 4
76488 3 1
79592 6 93
79592 4 13
79642 8 95
79642 4 59
79642 4 17
79692 3 5
79742 2 42
79792 5 77
79792 5 17
79792 5 32
79792 5 40
79842 3 21
79987 5 48
80037 4 50
80037 4 82
80087 3 15
80232 5 83
80282 4 99
80332 4 2
80409 3 35
80409 6 81
80409 4 72
83079 5 71
84447 2 70
84497 3 8
84497 3 54
84497 3 45
84497 4 20
84497 5 39
86733 4 64
86733 4 58
86733 5 33
86783 5 30
86783 4 95
86833 5 41
86883 4 29
86883 4 66
86933 3 2
87028 5 29
87078 6 11
87078 4 47
87078 4 12
87128 7 46
87128 4 34
87128 4 28
87178 3 45
87178 2 61
87178 4 48
87178 4 24
87228 6 14
87228 4 28
87373 5 5
87373 4 45
87373 2 9
87423 4 42
87423 5 27
87423 6 86
87509 4 31
87509 2 83
87604 5 80
87672 2 90
87722 4 43
87722 3 79
87790 2 30
87840 5 14
87840 3 40
87890 5 21
87890 3 54
87890 5 53
87940 6 62
87940 3 15
87940 6 39
87940 2 32
87940 4 18
87940 2 47
87940 4 38
87940 7 32
87940 4 78
87940 3 75
87990 2 8
87990 5 61
87990 2 99
87990 2 36
88040 5 27
88366 7 6
88366 3 8
88479 7 60
88479 2 27
88479 2 46
88479 6 78
88529 5 34
88529 6 42
88529 5 98
90765 4 100
90765 3 63
90765 3 13
90765 6 13
90765 7 7
90765 5 94
90815 4 14
93051 4 93
93051 4 35
93051 4 82
93051 4 23
93051 3 12
93051 4 81
93051 3 44
93101 3 6
93101 3 32
93151 4 16
93151 8 25
93151 4 73
93151 3 26
93201 4 1
93201 2 40
93201 3 74
93201 4 36
93201 5 67
93201 3 81
93278 3 28
93328 3 46
93328 3 39
93328 2 58
95998 5 70
99102 6 69
99170 2 30
99170 8 52
99220 5 17
99220 2 67
102758 7 64
102758 2 94
102835 3 92
102921 4 20
102971 3 84
103048 3 94
103048 2 31
103048 3 73
103143 5 51
103143 3 12
103193 5 23
103270 3 33
103270 3 17
103270 4 22
103320 6 54
103433 7 38
103433 5 14
103483 4 77
103483 6 4
103569 4 16
103569 6 69
103655 4 40
103655 4 23
103759 6 41
103809 2 87
103809 2 47
103809 4 68
103859 8 52
103859 4 73
103945 4 97
103995 7 28
104045 5 9
104045 7 27
104045 3 3
104045 4 41
104045 4 19
104113 2 67
104113 3 46
104163 5 80
104163 3 49
104163 5 26
104163 2 14
104213 5 48
104367 6 49
104367 4 88
104417 4 14
104467 5 55
104517 2 7
104567 5 9
104567 7 54
104617 4 19
104617 3 96
104703 4 78
104703 3 60
104703 4 65
104753 5 18
104753 7 25
104753 2 12
104753 2 27
104803 6 46
104803 7 76
104803 2 73
104803 4 86
104853 2 83
107089 4 100
109325 4 99
109375 4 8
109375 4 95
109375 5 3
109375 2 19
109375 4 35
112045 5 93
112045 4 91
112045 3 17
112045 3 10
112140 5 18
112140 5 44
112190 3 94
112190 4 27
112190 5 85
112240 4 35
112290 4 30
112290 7 5
112376 4 37
112376 6 14
112548 8 15
112720 8 97
112720 4 77
112720 2 46
112720 5 14
112720 4 16
112720 3 2
112720 3 68
114956 4 71
116758 3 70
116808 2 55
116808 5 7
116808 2 94
116858 4 24
116908 5 99
120012 6 64
120012 7 39
120012 6 4
120012 2 89
120012 5 9
120012 2 31
120012 5 41
120107 5 97
120107 5 96
120107 4 27
120157 4 13
120157 4 9
120157 2 38
120243 4 57
120293 3 65
120343 4 12
120343 2 39
120343 5 26
120343 2 44
120343 7 51
120343 5 74
120343 5 96
120343 2 38
120393 2 62
120393 2 74
120556 7 69
120556 2 89
120556 5 63
120556 4 80
120556 3 26
120556 4 44
120556 4 45
120606 6 59
120606 6 61
120656 5 78
120656 4 24
120656 5 39
120742 4 90
120896 6 10
120946 2 4
120946 2 28
120946 5 7
120946 3 17
120996 4 94
120996 4 26
121046 5 14
121046 4 12
121046 3 9
121046 4 80
121096 6 21
121146 8 78
121146 3 47
121196 2 1
121282 4 57
121282 3 39
121332 2 15
121332 3 26
121409 3 32
121409 2 66
121486 3 5
121486 4 43
121536 5 51
121536 5 46
121586 5 64
123822 4 100
123822 5 92
123822 3 40
123872 4 100
123872 2 99
123872 5 1
123922 4 55
127026 6 93
127076 4 20
127076 6 56
127076 3 25
127076 5 28
127076 3 88
127076 3 28
127076 5 82
127126 2 83
127126 4 27
127176 3 40
127244 2 75
127244 8 55
127294 4 10
129530 4 79
129580 5 3
129630 4 60
129680 5 51
129834 6 13
129884 3 16
129884 5 80
132988 6 72
135658 5 71
137026 2 70
137026 2 33
137026 7 75
137103 3 20
137153 5 43
137203 5 7
137253 4 53
137348 5 55
137348 5 89
137434 4 27
137484 5 26
137484 2 80
137570 4 17
137570 4 45
137570 6 66
137570 5 51
137570 4 87
137620 2 26
137670 4 78
137670 4 11
137670 3 19
137670 3 38
137720 5 83
137720 3 73
137770 5 94
137820 2 73
137870 5 6
137938 2 57
137938 2 6
137938 4 95
137988 7 53
138038 4 57
138088 5 13
138088 7 45
138183 5 5
138183 3 12
138269 4 80
138355 4 62
138355 2 38
138355 5 18
138355 3 59
138355 3 26
138405 8 52
138405 6 11
138500 5 85
138550 5 8
138550 6 31
138600 3 90
138600 4 31
138600 8 81
138704 6 37
138840 4 63
138840 3 55
138840 4 18
138840 4 21
138926 4 76
138926 4 74
138926 5 29
138926 6 10
138926 7 12
139039 7 40
139039 4 90
139039 4 32
139039 3 20
139134 5 82
139247 7 84
139247 2 57
139247 8 15
139315 2 54
139315 4 49
139365 2 15
139365 5 9
139365 4 54
139365 3 52
139365 3 61
139365 4 14
139487 8 57
141289 3 93
141289 5 22
141289 6 10
141339 8 27
141339 4 36
141425 4 53
141425 5 77
141425 4 66
141425 4 1
141425 2 51
141425 5 66
141475 2 68
141475 5 20
141475 3 5
142843 2 79
142843 5 60
142843 5 26
142843 3 29
142843 4 43
142843 7 89
142843 2 37
142929 4 25
144731 3 71
147401 5 70
147401 4 17
147523 8 54
147618 5 53
147618 3 15
147722 6 19
150392 5 64
150442 2 94
150442 4 38
150555 7 35
150555 2 33
150632 3 11
150682 6 37
150682 6 4
150732 4 66
150782 7 49
150918 4 21
150918 3 58
150968 4 51
150968 5 3
150968 3 34
151054 4 24
151054 2 94
151104 6 94
151154 8 16
151154 6 8
151258 6 28
151308 3 21
151308 4 53
151308 4 68
151421 7 44
151421 3 21
151421 4 61
151421 2 20
151471 2 62
151521 6 95
151521 4 15
151521 2 38
151521 4 98
151521 6 43
151521 2 17
151521 3 12
151521 4 55
151521 2 33
151521 2 15
151571 5 18
151571 5 39
151571 7 57
151571 6 40
151571 2 20
151571 2 39
151707 4 66
151757 4 24
151757 4 3
151807 5 91
151807 6 86
151934 3 74
151984 4 11
151984 3 15
152034 3 23
152034 3 95
152120 4 8
152206 4 41
152256 3 47
152360 6 57
152464 6 100
152464 2 96
152514 5 15
152514 3 34
152514 3 44
152564 4 38
153932 2 99
154009 3 21
154009 4 1
154095 4 13
154095 5 51
154095 2 67
157199 6 93
157199 6 25
157199 2 70
157335 4 35
157335 5 29
157403 2 97
157403 5 68
157480 3 48
157593 7 16
157593 6 7
157593 3 46
157643 5 34
157643 5 38
157643 2 41
159445 3 79
159445 2 48
161681 4 77
161731 4 56
161731 5 6
161731 4 80
161817 4 26
163619 3 72
164987 2 71
167657 5 70
167657 4 14
167657 4 6
167657 3 98
167657 5 35
169025 2 65
169025 4 98
172997 8 63
172997 2 45
172997 4 88
173083 4 3
173083 4 39
173083 4 10
173083 3 83
173083 6 66
173133 5 77
173133 4 44
173133 6 52
173133 4 48
173183 6 51
173183 2 5
173183 3 66
173260 3 32
173260 3 19
173310 7 66
173310 2 66
173360 3 34
173410 7 37
173410 6 52
173460 5 23
173460 2 94
173460 4 52
173460 3 87
173460 3 30
173460 7 6
173510 6 81
173510 4 34
173510 5 6
173682 8 42
173786 6 41
173786 5 75
173786 4 46
173958 8 73
173958 6 47
173958 4 49
173958 5 74
174053 5 2
174053 3 46
174053 2 38
174053 4 87
174103 2 83
174153 4 20
174153 3 34
174248 5 25
174384 4 37
174434 2 6
174434 2 37
174434 4 83
174484 4 78
174484 7 85
174534 5 11
174534 8 19
174670 4 9
174670 3 28
174670 3 11
174783 7 49
174783 3 86
174878 5 2
174878 4 17
175141 7 28
175141 2 14
177377 4 99
177377 5 81
177377 3 74
177531 6 18
177531 4 33
177531 2 4
179333 3 93
179428 5 92
179478 3 63
179478 4 24
179478 3 96
179478 3 12
179478 4 87
179528 3 1
179528 4 24
180896 2 84
180896 3 28
180896 3 10
181068 8 62
181068 3 23
183738 5 79
183738 3 88
183865 3 76
183865 2 8
183865 2 34
183865 4 90
183865 4 17
187403 7 72
188771 2 71
188821 2 5
188821 3 94
188821 4 39
188821 3 18
188916 5 13
191152 4 65
192954 3 64
192954 7 96
192954 4 13
193004 4 73
193054 3 90
193054 3 40
193054 4 45
193054 4 1
193054 5 57
193054 4 76
193054 5 58
193054 3 89
193054 6 84
193054 6 12
193054 4 29
193104 4 88
193104 6 14
193104 5 47
193104 4 13
193104 3 75
193154 3 22
193204 3 5
193204 2 27
193204 4 54
193204 6 17
193254 5 78
193304 3 5
193304 3 36
193304 5 40
193304 4 22
193304 3 38
193304 3 29
193354 4 27
193354 3 33
193354 7 100
193354 8 21
193440 4 42
193440 4 14
193490 4 71
193540 2 97
193540 4 61
193540 3 66
193540 5 82
193590 2 78
193590 7 32
193590 3 53
193590 4 8
193590 6 33
193590 2 26
193640 5 32
193726 4 82
193776 3 48
193826 3 30
193903 3 3
193953 5 61
193953 4 59
193953 5 8
193953 3 42
193953 3 81
193953 8 18
193953 3 31
193953 3 80
194021 2 66
194021 2 5
194107 4 8
196343 4 99
196343 4 8
196343 4 94
196343 5 53
196393 4 55
196393 7 9
197761 2 93
199997 4 92
203969 8 91
203969 4 24
204132 7 73
204182 3 46
204232 2 87
204232 4 5
204282 4 13
204282 7 83
204282 3 84
204282 2 47
204282 3 32
204332 5 37
206568 4 79
206618 4 38
206695 3 8
206695 3 77
206745 6 23
206745 5 43
206745 2 39
208981 4 72
208981 4 5
210783 3 70
213019 4 69
213114 5 26
213114 3 66
213114 5 16
215350 4 65
217152 3 64
218520 2 63
218520 8 87
218633 7 5
218737 6 41
218737 3 76
218814 3 20
218814 4 66
218814 6 89
218814 2 87
218814 4 19
218864 5 40
218864 3 3
218968 6 20
219104 4 21
219104 3 24
219154 3 22
219204 4 82
219204 5 39
219204 2 31
219204 4 75
219204 4 22
219299 5 22
219412 7 43
219412 5 36
219412 4 2
219462 8 48
219462 4 33
219512 8 94
219598 4 9
219598 2 40
219598 3 23
219598 2 81
219648 5 76
219725 3 46
219775 2 68
219775 2 88
219775 4 33
219775 5 23
219775 5 51
219879 6 80
219929 2 60
219929 2 14
219929 2 21
219979 7 90
219979 3 17
219979 5 57
219979 8 16
219979 5 42
219979 4 75
219979 6 58
219979 3 85
220029 5 43
220165 4 20
220165 3 18
220165 3 18
220165 7 47
220165 4 46
220215 4 95
220215 6 68
220215 3 24
220215 5 74
220265 4 67
220265 4 19
220265 3 24
222935 5 99
222985 7 4
223121 4 41
223121 6 66
223207 4 27
223257 5 35
225493 4 93
227729 4 92
230399 5 91
230449 4 69
230449 5 26
230449 5 5
230449 2 54
230449 3 44
230449 4 66
230449 2 32
230499 4 84
230549 2 100
230599 4 91
230599 6 3
233703 6 79
233703 2 66
235939 4 77
235939 2 32
235939 5 11
235939 4 27
235939 4 57
239043 6 72
241279 4 71
244383 6 70
244383 3 36
244383 2 4
244383 6 85
244383 2 1
245751 2 65
248421 5 64
250223 3 63
250223 2 80
250223 4 90
250223 3 24
250223 2 94
250273 8 58
250273 4 80
250273 2 60
250273 3 25
250273 8 17
250273 4 54
250273 5 80
250273 5 89
250273 5 15
250418 5 21
250418 7 36
250468 5 21
250581 7 85
250581 6 22
250631 4 36
250631 3 11
250681 5 60
250731 3 45
250731 5 95
250731 4 22
250731 2 54
250781 5 34
250831 7 41
250831 4 62
250881 2 61
250881 5 35
250931 5 85
251053 8 58
251053 2 1
251053 4 40
251157 6 73
251234 3 7
251234 5 22
251234 3 20
251234 3 95
251234 5 16
251284 8 12
251284 4 18
251284 4 88
251284 4 58
251284 2 54
251284 5 46
251370 4 28
251420 4 54
251420 4 19
251420 4 10
251420 6 73
251420 4 11
251470 2 3
251470 5 59
251470 8 77
251470 6 43
251520 4 17
251520 8 20
251570 8 86
251570 4 13
251674 6 31
251674 2 4
251674 4 19
254344 5 99
254344 3 36
254344 2 60
254344 7 56
254344 4 27
254394 6 55
256196 3 93
258866 5 92
258866 4 45
258916 2 85
258916 3 7
258966 4 96
258966 7 75
259052 4 97
259052 2 70
259052 3 35
259052 4 80
259197 5 2
259197 6 91
259197 3 59
262735 7 79
262735 4 40
262785 5 10
262785 5 59
262835 4 99
262885 2 76
262885 4 34
264687 3 72
267357 5 71
269159 3 70
271395 4 69
271395 3 53
271531 4 67
271531 4 3
273767 4 65
276437 5 64
278239 3 63
278239 2 63
278289 5 30
278289 4 35
278339 4 15
278339 5 27
278425 4 22
278425 4 85
278425 4 42
278425 6 17
278425 3 89
278425 3 24
278425 4 61
278475 6 56
278525 5 30
278525 5 34
278575 3 50
278575 4 7
278575 5 74
278625 5 90
278675 4 69
278725 3 49
278725 2 95
278775 4 29
278775 6 26
278775 2 41
278825 4 1
278825 6 25
278825 4 89
278961 4 84
278961 4 49
279011 5 32
279011 4 9
279011 4 29
279011 3 2
279011 5 16
279011 6 2
279061 6 34
279147 4 26
279147 3 28
279233 4 48
279233 7 91
279310 3 36
279310 4 6
279310 4 12
279310 2 81
279360 4 14
279360 4 58
279455 5 23
279455 3 63
279455 3 15
279455 3 30
279455 4 55
279505 5 68
279555 2 37
279555 3 96
279555 5 2
279555 6 27
279605 4 25
279605 4 20
279605 3 38
279605 7 60
279655 6 52
282325 5 100
282325 3 87
284995 5 98
284995 4 6
284995 4 94
284995 3 61
285045 5 64
287715 5 93
287765 3 92
287765 5 1
287765 4 49
287765 2 61
287765 3 5
287765 2 99
287765 4 68
287765 2 94
287765 6 46
287765 4 33
287928 7 17
287928 4 15
287978 3 90
291082 6 79
291082 4 51
291132 3 95
291182 4 22
291182 3 11
291182 3 39
291345 7 21
293581 4 72
295817 4 71
298487 5 70
298555 2 67
298555 7 90
298555 4 4
298555 4 42
300791 4 65
300791 3 54
300791 5 55
300791 4 20
300791 5 7
300791 4 12
300877 4 19
300877 5 10
301013 4 13
301063 3 24
301113 6 21
301163 4 44
301213 5 23
301213 2 59
301213 3 39
301213 7 32
301263 4 16
301263 4 31
301263 8 68
301263 3 23
301263 2 5
301313 8 77
301426 7 30
301426 4 2
301426 5 37
301426 2 15
301426 4 21
301426 2 81
301426 5 14
301476 4 47
301476 3 97
301476 7 42
301476 4 33
301476 2 7
301526 4 51
301612 4 48
301612 6 88
301612 4 80
301612 6 29
301612 3 17
301612 5 9
301612 4 43
301612 5 12
301612 3 5
301662 4 33
301662 3 45
301662 6 84
301662 3 7
301712 5 48
301712 3 47
301780 2 37
301780 4 50
301780 4 4
301780 5 21
301902 8 11
301902 7 89
301952 4 97
301952 2 46
301952 5 10
301952 4 26
301952 3 37
301952 3 92
301952 5 16
301952 2 17
302002 4 96
304238 4 100
304238 3 25
306908 5 98
306908 4 20
306958 7 5
307008 4 30
307008 5 4
309244 4 93
309244 2 64
309244 5 33
309244 5 39
309294 3 21
309294 7 49
309294 2 52
309294 4 67
309294 2 1
309294 2 99
309294 2 22
309294 3 7
309344 4 73
309344 7 8
312448 6 79
312720 4 78
312770 4 36
312770 2 75
312770 3 88
312770 2 88
312770 4 74
315874 6 72
318544 5 71
321648 6 70
321698 4 34
321748 4 13
321748 7 56
321748 6 88
324418 5 65
324504 4 41
327174 5 63
330278 6 62
330278 5 81
330328 3 34
330328 4 47
330328 2 44
330328 5 20
330328 3 21
330378 7 96
330378 7 32
330428 3 7
330428 6 42
330514 4 29
330609 5 41
330609 4 13
330722 7 30
330772 3 94
330772 4 51
330772 5 18
330849 3 61
330944 5 31
330944 4 48
330944 2 32
331039 5 76
331089 7 21
331089 3 75
331089 4 66
331089 5 8
331243 6 42
331243 4 87
331293 5 8
331293 3 3
331438 5 6
331438 3 48
331438 2 52
331533 5 40
331533 3 44
331533 2 26
331583 5 33
331583 2 80
331678 5 31
331728 8 50
331728 4 38
331778 4 35
331778 3 44
331778 2 96
331864 4 8
331914 5 31
331914 2 44
331964 2 76
331964 4 30
332050 4 58
332050 7 66
332100 4 7
332100 3 73
332100 5 73
332204 6 7
332308 6 28
332358 5 76
332358 7 52
332358 2 81
332358 3 5
332453 5 22
335557 6 100
337793 4 99
339595 3 98
339645 4 37
339645 4 75
339645 2 4
339645 4 67
341447 3 93
344117 5 92
344117 4 51
344117 5 11
344117 6 31
344117 4 2
344167 4 59
344167 4 29
344167 4 87
344167 3 17
344167 3 63
344167 6 14
344167 5 8
344167 2 12
346837 5 79
346837 2 44
346837 4 42
346887 4 19
346973 4 1
347086 7 94
347086 4 1
349756 5 72
352426 5 71
354662 4 70
354662 5 69
354662 4 91
354662 4 12
354662 4 95
357332 5 65
358700 2 64
362238 7 63
364474 4 62
364474 8 46
364474 4 33
364474 7 45
364560 4 67
364560 4 14
364560 3 21
364560 4 96
364560 5 19
364560 4 17
364560 6 41
364560 6 39
364610 4 47
364660 5 58
364660 6 51
364660 4 32
364660 2 19
364728 2 88
364805 3 36
364805 5 42
364805 5 28
364959 6 61
364959 3 66
365009 5 40
365009 3 61
365009 2 47
365009 5 90
365009 4 87
365009 2 76
365059 5 68
365213 6 98
365213 5 71
365213 5 13
365213 2 57
365213 3 80
365263 4 81
365263 4 31
365263 2 32
365263 4 38
365263 5 42
365263 4 19
365263 2 80
365263 3 2
365263 4 24
365349 4 16
365399 5 22
365449 3 4
365449 2 14
365449 5 14
365449 2 97
365449 2 10
365449 6 48
365449 3 33
365499 2 31
365499 5 62
365549 4 7
365549 8 56
365549 4 31
365599 6 3
365599 2 39
365649 5 67
365649 4 1
367885 4 100
370555 5 99
370605 5 16
370605 2 17
370859 6 6
370859 4 95
370909 4 34
372711 3 93
374947 4 92
374947 2 83
374947 4 67
374997 5 57
375047 3 23
375047 4 85
376415 2 86
376415 5 58
378651 4 84
378651 5 62
378651 2 59
378651 3 53
378651 5 20
380453 3 79
383123 5 78
385359 4 77
385359 7 5
385359 5 25
385409 7 32
385409 2 18
387211 3 72
387211 5 10
387211 2 7
389447 4 69
389497 3 42
389592 5 30
389592 2 21
391394 3 65
393630 4 64
396300 5 63
396300 3 26
396300 4 84
396413 7 69
396413 2 40
396463 6 73
396463 5 59
396463 3 46
396463 3 45
396558 5 22
396558 4 8
396608 5 63
396608 7 87
396703 5 12
396848 5 49
396848 5 14
396898 7 11
396898 7 31
396898 4 34
396898 3 6
396898 7 23
396898 6 56
396948 4 47
396948 5 77
396948 3 8
396948 5 75
396948 3 87
396998 5 66
396998 4 28
396998 7 28
396998 4 60
396998 3 25
396998 4 33
397093 5 13
397093 3 41
397093 4 4
397143 3 22
397193 5 54
397193 4 21
397193 3 26
397243 4 29
397356 7 67
397451 5 21
397501 6 15
397501 4 18
397501 5 39
397501 4 8
397655 6 91
397732 3 20
397782 4 89
397782 6 80
397782 2 40
397832 6 11
397882 7 13
397882 2 11
397882 2 66
397882 4 58
397959 3 32
397959 2 19
398113 6 98
398163 5 56
398163 6 53
398163 3 35
401701 7 100
404371 5 99
404421 8 24
404534 7 20
404534 4 13
404534 5 74
404584 5 10
405952 2 93
407754 3 92
407849 5 40
407899 6 66
407899 5 20
408071 8 44
408121 6 87
410791 5 86
410791 2 66
410791 2 1
413027 4 83
413077 4 35
413077 4 16
413172 5 4
416710 7 79
419380 5 78
419380 4 69
419430 7 18
419480 5 33
419480 4 42
419530 4 10
421766 4 72
424870 6 71
426238 2 70
426333 5 35
426333 4 7
426333 2 99
426383 5 28
429053 5 65
431723 5 64
431723 8 28
431723 5 25
431723 2 75
431723 4 27
431723 4 91
431723 3 20
431723 2 68
431723 4 74
431877 6 40
431927 5 13
431927 4 89
431927 4 46
431927 3 52
431977 7 49
431977 3 59
431977 4 6
431977 3 55
431977 4 17
432027 3 94
432027 2 60
432027 3 94
432077 4 50
432127 5 49
432127 2 74
432127 4 24
432127 4 38
432127 3 84
432127 4 21
432127 3 30
432127 3 87
432177 4 3
432177 7 66
432227 3 19
432277 7 71
432327 3 19
432327 2 45
432327 5 45
432404 3 57
432404 4 15
432404 6 36
432649 5 41
432649 4 22
432649 2 39
432649 3 61
432649 5 47
432699 4 68
432699 8 48
432699 3 21
432699 5 51
432699 3 82
432699 2 17
432835 4 83
432835 4 52
432835 5 22
432885 4 9
432885 3 25
432980 5 14
432980 2 43
432980 5 19
433030 6 7
433107 3 22
433107 6 29
433157 4 67
435827 5 100
435827 4 17
437629 3 98
437679 6 30
437729 4 8
437797 2 62
437797 3 54
439599 3 93
442269 5 92
442269 4 1
442319 6 38
442319 2 31
442319 2 91
442319 3 82
445857 7 86
445907 5 11
449879 8 84
449879 3 8
449879 5 41
449929 4 22
449979 6 14
452215 4 79
453583 2 78
453660 3 54
453737 3 88
453787 4 3
453787 4 94
453882 5 58
456118 4 72
456118 5 83
458354 4 70
458440 4 30
458440 4 87
458440 2 16
458490 3 44
460726 4 65
462528 3 64
462646 2 63
462732 4 43
462732 6 88
462827 5 41
462877 3 61
462963 4 16
462963 4 52
463058 5 15
463108 4 12
463212 6 91
463212 5 32
463262 4 2
463262 3 47
463262 6 4
463262 2 45
463312 4 50
463312 4 92
463362 4 84
463362 5 5
463362 5 80
463362 4 94
463412 5 50
463412 4 20
463412 3 59
463462 2 54
463462 2 28
463512 5 29
463512 5 94
463512 4 80
463562 2 21
463707 5 2
463757 7 19
463757 4 15
463757 4 35
463870 7 15
463870 5 19
463920 5 69
463970 6 26
463970 4 3
463970 2 14
463970 2 45
463970 5 73
464020 3 23
464106 4 36
464251 5 23
464251 4 54
464355 6 50
464355 4 48
464355 5 18
464500 5 23
464636 4 43
464636 3 13
464636 4 42
464636 7 70
464636 2 35
464636 4 48
464636 4 56
464636 6 27
464636 5 55
464731 5 36
464731 4 57
464731 4 30
464731 2 5
467401 5 100
469203 3 99
471873 5 98
474109 4 97
474109 3 56
474159 4 68
474159 5 68
476395 4 93
476490 5 68
476612 8 27
476707 5 26
476707 4 7
476707 4 54
476707 5 92
478509 3 86
478559 2 47
478609 5 55
478609 3 22
478731 8 49
478781 6 47
478781 2 10
482319 7 79
484121 3 78
487225 6 77
487225 4 29
487225 2 59
487225 3 74
487329 6 82
488697 2 72
491367 5 71
491417 4 50
491467 3 4
491467 2 16
491467 4 82
491467 3 44
494571 6 65
497675 6 64
499043 2 63
501713 5 62
501713 7 48
501713 3 54
501713 2 54
501799 4 6
501849 8 72
501899 4 30
501899 3 46
501899 2 11
501994 5 55
501994 4 14
502044 7 61
502044 4 85
502094 2 1
502094 2 21
502171 3 74
502171 6 71
502275 6 15
502325 5 53
502411 4 6
502411 2 4
502411 4 9
502411 3 3
502461 8 44
502511 5 15
502597 4 33
502597 2 87
502647 4 31
502697 4 42
502783 4 34
502833 2 56
502883 3 91
502883 2 61
502883 3 96
502883 3 41
502883 4 57
502969 4 7
502969 5 12
502969 2 74
502969 7 48
502969 4 99
502969 2 97
503019 2 22
503087 2 31
503137 2 17
503205 2 17
503282 3 90
503282 4 31
503332 4 46
503332 3 4
503332 2 11
503332 4 94
503382 2 81
503477 5 47
503477 3 27
503477 6 50
503527 5 13
503613 4 37
503663 6 91
503663 5 82
503663 8 47
503663 5 1
506333 5 100
509003 5 99
511239 4 98
514343 6 97
514343 3 45
514488 5 6
514488 3 77
517158 5 93
517158 4 95
517158 3 6
517158 5 78
517262 6 21
517262 4 27
517312 3 27
517362 4 86
517362 4 14
517412 3 90
519648 4 83
519648 2 25
519698 4 27
519698 3 88
521934 4 79
521934 4 55
521984 3 96
525522 7 76
525522 3 25
525522 6 80
525522 5 3
525522 5 40
525522 6 100
527758 4 70
527844 4 4
527894 5 54
527894 2 53
527971 3 51
529773 3 65
532009 4 64
534679 5 63
534729 5 62
534729 2 82
534779 4 5
534883 6 78
534883 3 6
534883 4 51
534883 4 46
534883 2 31
534933 4 78
534933 2 35
534933 5 10
534933 4 21
535019 4 26
535019 3 35
535019 4 2
535019 6 21
535123 6 69
535173 5 18
535173 2 95
535223 2 41
535223 7 28
535223 6 32
535223 6 31
535273 4 53
535436 7 37
535486 4 17
535486 4 45
535536 5 43
535536 2 60
535631 5 56
535631 5 22
535785 6 9
535835 5 53
535835 4 6
535885 4 60
535935 3 9
535935 3 10
535935 7 43
535935 4 78
535985 4 22
535985 2 19
536035 5 87
536085 4 51
536085 4 25
536085 2 13
536135 7 41
536135 5 36
536221 4 16
536221 5 24
536271 5 25
536271 5 15
536271 3 7
536357 4 30
536407 7 81
536407 4 20
536407 5 58
536407 3 33
536457 4 15
536507 6 50
536507 4 89
536507 3 54
536557 7 27
536557 4 95
539661 6 99
541897 4 98
541974 3 23
542024 7 7
542024 7 23
542024 3 2
544260 4 93
547798 7 92
547798 4 38
547798 3 32
547798 5 51
547848 4 2
547848 5 12
550518 5 86
554056 7 85
555858 3 84
558528 5 83
558528 3 52
558528 7 30
558528 4 1
559896 2 79
559896 3 41
563000 6 77
563000 3 47
563095 5 23
563249 6 49
563249 4 58
563249 3 15
563249 2 81
566787 7 70
566787 2 40
566787 6 87
566787 8 59
566787 5 37
568155 2 65
570391 4 64
572627 4 63
575731 6 62
575731 4 46
575781 7 67
575876 5 3
575926 2 98
575926 2 1
575976 4 84
575976 2 55
575976 3 41
575976 4 26
576026 3 37
576026 2 80
576026 3 14
576076 5 40
576076 4 37
576076 4 52
576312 4 46
576380 2 29
576380 4 42
576380 4 74
576525 5 61
576525 8 13
576575 4 11
576625 4 68
576625 2 20
576675 5 49
576675 2 27
576675 4 66
576675 3 4
576675 5 29
576770 5 42
576770 3 31
576770 4 6
576770 3 20
576820 3 46
576820 4 45
576820 4 52
576870 6 6
576870 7 33
576870 5 89
576870 2 1
576870 2 92
576920 4 21
576920 5 5
577006 4 7
577006 4 96
577083 3 34
577083 4 42
577083 4 95
577083 5 18
577133 6 9
577133 5 94
577133 2 78
577133 4 73
577133 5 60
577133 3 17
577133 2 10
577183 4 62
577287 6 46
577287 6 6
577287 7 38
577287 2 1
580391 6 100
580391 2 49
583061 5 98
584863 3 97
584863 3 22
584863 7 6
584958 5 7
587194 4 93
590298 6 92
590298 5 73
590298 7 41
590298 3 11
590298 4 32
590348 4 30
592150 3 86
592254 6 67
592254 4 24
595358 6 83
595358 4 58
595358 7 39
595408 7 62
597644 4 79
597644 4 19
599012 2 77
601248 4 76
601248 4 87
601248 7 73
601248 6 44
603484 4 72
606154 5 71
608390 4 70
608390 2 30
608390 4 11
608390 4 54
608390 6 23
610626 4 65
613730 6 64
617268 7 63
617268 3 61
617268 7 39
617268 6 15
617268 2 9
617268 2 17
617268 6 22
617318 5 25
617422 6 24
617472 4 32
617472 2 26
617472 3 61
617626 6 57
617626 4 5
617676 2 12
617676 3 94
617676 3 46
617676 6 56
617726 3 60
617776 5 88
617776 6 60
617776 2 56
617776 2 96
617776 3 68
617776 4 73
617776 3 49
617776 2 59
617776 5 25
617826 4 60
617998 8 23
617998 5 16
618111 7 4
618111 5 60
618274 7 34
618274 3 43
618274 2 90
618274 5 33
618360 4 5
618360 4 19
618410 6 55
618410 4 10
618410 4 55
618410 6 75
618410 2 61
618410 2 4
618410 3 7
618460 5 8
618510 3 41
618510 4 29
618510 4 28
618510 4 58
618510 3 2
618510 2 12
618560 8 45
618560 6 56
618560 3 31
618560 3 5
618560 4 26
618560 3 81
618560 3 34
618637 3 20
618723 4 30
618723 2 78
620959 4 100
623195 4 99
625431 4 98
627233 3 97
627233 3 15
627233 2 36
627233 6 88
629035 3 93
631705 5 92
634809 6 91
634809 3 71
634859 7 20
634909 5 9
634909 4 19
637579 5 86
640683 6 85
642485 3 84
642485 2 3
642535 7 12
642585 3 61
642585 2 22
645255 5 79
645305 3 81
647107 3 77
648475 2 76
648475 2 14
648525 5 78
648525 2 67
652063 7 72
652063 2 3
654299 4 70
658271 8 69
658271 3 41
658271 2 46
658271 4 48
660941 5 65
663177 4 64
665413 4 63
665413 4 42
665508 5 51
665508 2 44
665558 5 39
665558 4 59
665558 4 17
665558 2 37
665558 6 42
665558 3 74
665558 4 39
665558 3 10
665558 3 8
665558 4 38
665558 2 3
665558 5 66
665558 6 39
665558 4 5
665558 5 18
665662 6 66
665662 4 64
665662 5 14
665662 2 19
665662 6 52
665712 4 16
665712 4 8
665712 5 59
665712 3 31
665712 7 14
665825 7 87
665825 3 49
665825 3 94
665825 3 89
665825 2 22
665875 4 8
665925 5 8
665975 5 5
665975 4 15
666025 5 83
666025 4 39
666025 8 54
666025 4 40
666075 6 55
666125 4 28
666125 3 44
666125 6 47
666175 5 16
666175 4 41
666175 4 25
666175 6 82
666175 3 22
666175 2 88
666225 6 92
666275 8 61
666361 4 29
666488 3 90
666488 7 62
666488 4 52
666488 4 16
666488 2 88
666488 6 32
666488 5 67
666488 4 13
672254.0276683343
