family_id,assigned_day
0,68
1,66
2,89
3,66
4,29
5,46
6,96
7,88
8,47
9,45
10,57
11,92
12,82
13,27
14,88
15,62
16,98
17,58
18,74
19,27
20,12
21,2
22,57
23,29
24,4
25,28
26,25
27,33
28,13
29,39
30,47
31,32
32,58
33,22
34,18
35,42
36,44
37,18
38,87
39,62
40,80
41,58
42,96
43,58
44,6
45,12
46,27
47,29
48,17
49,59
50,31
51,3
52,47
53,82
54,67
55,17
56,65
57,95
58,25
59,25
60,82
61,94
62,52
63,3
64,6
65,27
66,37
67,38
68,22
69,49
70,25
71,34
72,35
73,10
74,17
75,80
76,70
77,98
78,21
79,87
80,28
81,88
82,30
83,30
84,68
85,89
86,15
87,43
88,35
89,88
90,68
91,24
92,9
93,17
94,61
95,44
96,12
97,4
98,33
99,58
100,7
101,28
102,52
103,70
104,7
105,72
106,40
107,60
108,2
109,49
110,47
111,18
112,24
113,37
114,30
115,1
116,68
117,86
118,29
119,51
120,8
121,83
122,22
123,98
124,52
125,26
126,76
127,28
128,34
129,13
130,13
131,5
132,40
133,46
134,51
135,60
136,7
137,49
138,88
139,43
140,61
141,96
142,38
143,57
144,28
145,32
146,68
147,9
148,19
149,8
150,87
151,44
152,23
153,1
154,29
155,12
156,63
157,38
158,10
159,43
160,24
161,68
162,18
163,33
164,74
165,14
166,16
167,22
168,67
169,21
170,71
171,89
172,53
173,1
174,56
175,54
176,25
177,34
178,45
179,91
180,22
181,20
182,4
183,33
184,62
185,76
186,54
187,30
188,39
189,73
190,20
191,57
192,14
193,8
194,92
195,53
196,49
197,94
198,74
199,5
200,48
201,11
202,54
203,92
204,7
205,2
206,9
207,6
208,51
209,23
210,49
211,82
212,48
213,62
214,53
215,60
216,55
217,12
218,53
219,26
220,74
221,34
222,36
223,82
224,20
225,88
226,47
227,85
228,57
229,91
230,39
231,49
232,4
233,90
234,11
235,15
236,26
237,66
238,90
239,98
240,47
241,83
242,85
243,58
244,81
245,49
246,4
247,79
248,28
249,86
250,94
251,3
252,1
253,70
254,62
255,21
256,88
257,60
258,2
259,38
260,75
261,13
262,95
263,17
264,55
265,10
266,50
267,28
268,42
269,27
270,76
271,51
272,13
273,10
274,89
275,15
276,60
277,66
278,13
279,25
280,21
281,61
282,26
283,39
284,80
285,6
286,38
287,24
288,37
289,81
290,43
291,84
292,95
293,79
294,72
295,5
296,28
297,24
298,7
299,50
300,18
301,88
302,2
303,47
304,47
305,66
306,5
307,25
308,7
309,3
310,61
311,35
312,17
313,83
314,58
315,58
316,52
317,16
318,52
319,64
320,51
321,44
322,41
323,28
324,13
325,43
326,14
327,32
328,83
329,15
330,49
331,55
332,13
333,59
334,89
335,70
336,61
337,71
338,72
339,20
340,58
341,3
342,44
343,24
344,88
345,83
346,81
347,88
348,50
349,66
350,30
351,44
352,98
353,20
354,97
355,26
356,24
357,2
358,96
359,53
360,18
361,5
362,46
363,4
364,43
365,28
366,88
367,33
368,3
369,66
370,3
371,69
372,40
373,17
374,26
375,83
376,2
377,60
378,1
379,87
380,33
381,18
382,82
383,70
384,52
385,3
386,96
387,15
388,16
389,5
390,71
391,67
392,46
393,21
394,43
395,23
396,52
397,5
398,45
399,2
400,20
401,29
402,38
403,46
404,63
405,88
406,14
407,73
408,64
409,31
410,80
411,86
412,72
413,81
414,37
415,23
416,37
417,40
418,38
419,22
420,59
421,54
422,45
423,35
424,80
425,43
426,89
427,6
428,49
429,40
430,82
431,65
432,41
433,95
434,4
435,88
436,18
437,12
438,1
439,51
440,54
441,6
442,32
443,24
444,77
445,51
446,18
447,23
448,96
449,8
450,92
451,61
452,79
453,5
454,74
455,62
456,33
457,38
458,81
459,10
460,22
461,22
462,94
463,61
464,26
465,27
466,83
467,67
468,29
469,94
470,88
471,38
472,89
473,64
474,5
475,14
476,19
477,67
478,63
479,25
480,62
481,86
482,5
483,29
484,4
485,30
486,18
487,59
488,22
489,44
490,59
491,70
492,56
493,86
494,2
495,89
496,91
497,46
498,30
499,22
500,4
501,51
502,94
503,40
504,58
505,93
506,40
507,1
508,87
509,22
510,36
511,41
512,61
513,12
514,63
515,93
516,20
517,72
518,96
519,13
520,26
521,36
522,8
523,28
524,19
525,66
526,41
527,74
528,69
529,2
530,12
531,61
532,72
533,13
534,62
535,63
536,67
537,4
538,3
539,5
540,88
541,5
542,73
543,70
544,3
545,57
546,6
547,30
548,10
549,26
550,31
551,10
552,66
553,65
554,36
555,60
556,66
557,8
558,49
559,4
560,79
561,2
562,68
563,45
564,47
565,73
566,49
567,33
568,41
569,35
570,38
571,17
572,17
573,50
574,7
575,41
576,94
577,19
578,12
579,32
580,83
581,72
582,67
583,6
584,77
585,55
586,91
587,36
588,26
589,80
590,36
591,68
592,29
593,48
594,9
595,65
596,84
597,6
598,34
599,41
600,38
601,71
602,58
603,23
604,10
605,65
606,36
607,7
608,27
609,4
610,37
611,17
612,26
613,43
614,4
615,30
616,33
617,91
618,55
619,31
620,30
621,31
622,33
623,32
624,26
625,84
626,72
627,80
628,55
629,35
630,13
631,23
632,24
633,80
634,4
635,9
636,100
637,38
638,7
639,4
640,28
641,68
642,14
643,2
644,87
645,42
646,19
647,66
648,16
649,40
650,38
651,88
652,54
653,15
654,62
655,25
656,60
657,9
658,40
659,48
660,64
661,89
662,66
663,92
664,19
665,4
666,9
667,36
668,99
669,90
670,33
671,57
672,75
673,3
674,41
675,24
676,45
677,40
678,36
679,36
680,73
681,43
682,11
683,82
684,42
685,49
686,96
687,31
688,92
689,94
690,96
691,17
692,76
693,59
694,93
695,92
696,77
697,33
698,33
699,43
700,77
701,83
702,97
703,35
704,96
705,46
706,8
707,30
708,24
709,3
710,47
711,64
712,6
713,52
714,2
715,15
716,88
717,75
718,63
719,57
720,15
721,42
722,16
723,5
724,44
725,11
726,37
727,53
728,40
729,1
730,3
731,10
732,15
733,61
734,40
735,31
736,96
737,22
738,55
739,50
740,16
741,54
742,85
743,34
744,69
745,52
746,58
747,31
748,55
749,33
750,17
751,9
752,16
753,7
754,79
755,52
756,38
757,32
758,39
759,41
760,61
761,92
762,34
763,78
764,36
765,3
766,4
767,74
768,34
769,41
770,15
771,39
772,42
773,98
774,51
775,31
776,77
777,45
778,57
779,67
780,50
781,2
782,59
783,73
784,54
785,77
786,45
787,80
788,45
789,12
790,28
791,39
792,1
793,34
794,62
795,36
796,53
797,21
798,68
799,64
800,69
801,94
802,46
803,95
804,59
805,77
806,28
807,46
808,70
809,26
810,10
811,53
812,83
813,95
814,27
815,92
816,4
817,6
818,57
819,17
820,80
821,47
822,14
823,79
824,87
825,10
826,10
827,77
828,81
829,93
830,81
831,62
832,17
833,100
834,75
835,11
836,35
837,65
838,69
839,24
840,42
841,65
842,14
843,33
844,11
845,4
846,77
847,34
848,48
849,60
850,43
851,11
852,31
853,6
854,74
855,20
856,26
857,2
858,25
859,88
860,55
861,33
862,89
863,35
864,78
865,39
866,48
867,43
868,76
869,63
870,39
871,27
872,96
873,43
874,62
875,64
876,18
877,34
878,18
879,25
880,46
881,84
882,72
883,54
884,61
885,83
886,2
887,38
888,46
889,74
890,4
891,30
892,69
893,23
894,94
895,95
896,95
897,76
898,72
899,73
900,50
901,31
902,1
903,12
904,56
905,90
906,79
907,51
908,34
909,49
910,57
911,39
912,18
913,48
914,77
915,17
916,19
917,8
918,62
919,94
920,52
921,18
922,21
923,11
924,47
925,56
926,4
927,52
928,41
929,1
930,42
931,78
932,59
933,63
934,49
935,79
936,80
937,63
938,37
939,1
940,18
941,24
942,27
943,42
944,86
945,75
946,24
947,26
948,27
949,28
950,91
951,79
952,5
953,80
954,83
955,54
956,8
957,12
958,20
959,22
960,52
961,78
962,5
963,29
964,45
965,55
966,97
967,16
968,88
969,40
970,47
971,67
972,11
973,39
974,33
975,19
976,1
977,18
978,32
979,22
980,94
981,60
982,74
983,51
984,51
985,30
986,20
987,1
988,16
989,2
990,12
991,3
992,7
993,97
994,58
995,34
996,59
997,1
998,55
999,90
1000,56
1001,53
1002,16
1003,85
1004,33
1005,13
1006,38
1007,49
1008,65
1009,33
1010,76
1011,58
1012,87
1013,83
1014,31
1015,86
1016,87
1017,17
1018,65
1019,82
1020,32
1021,75
1022,5
1023,23
1024,91
1025,50
1026,29
1027,21
1028,66
1029,1
1030,87
1031,81
1032,23
1033,89
1034,61
1035,49
1036,32
1037,56
1038,4
1039,52
1040,18
1041,53
1042,29
1043,90
1044,58
1045,63
1046,76
1047,10
1048,12
1049,74
1050,79
1051,82
1052,69
1053,45
1054,14
1055,15
1056,57
1057,4
1058,8
1059,50
1060,33
1061,10
1062,5
1063,84
1064,29
1065,44
1066,30
1067,83
1068,14
1069,18
1070,1
1071,65
1072,70
1073,41
1074,6
1075,26
1076,10
1077,93
1078,30
1079,41
1080,75
1081,24
1082,73
1083,18
1084,33
1085,34
1086,10
1087,31
1088,6
1089,27
1090,15
1091,66
1092,15
1093,37
1094,51
1095,33
1096,5
1097,1
1098,34
1099,97
1100,28
1101,86
1102,28
1103,76
1104,58
1105,66
1106,14
1107,98
1108,77
1109,16
1110,4
1111,19
1112,5
1113,43
1114,65
1115,90
1116,65
1117,36
1118,24
1119,94
1120,35
1121,77
1122,68
1123,47
1124,19
1125,6
1126,5
1127,43
1128,62
1129,12
1130,67
1131,76
1132,47
1133,63
1134,55
1135,90
1136,20
1137,88
1138,80
1139,85
1140,75
1141,27
1142,66
1143,81
1144,82
1145,28
1146,4
1147,47
1148,83
1149,52
1150,84
1151,95
1152,55
1153,28
1154,64
1155,89
1156,47
1157,6
1158,7
1159,36
1160,60
1161,72
1162,17
1163,5
1164,21
1165,21
1166,7
1167,59
1168,49
1169,6
1170,7
1171,13
1172,2
1173,80
1174,32
1175,6
1176,17
1177,8
1178,36
1179,4
1180,62
1181,16
1182,57
1183,85
1184,23
1185,1
1186,99
1187,6
1188,66
1189,50
1190,9
1191,3
1192,26
1193,57
1194,53
1195,29
1196,1
1197,56
1198,57
1199,20
1200,28
1201,71
1202,55
1203,91
1204,43
1205,71
1206,89
1207,52
1208,47
1209,24
1210,4
1211,56
1212,11
1213,44
1214,30
1215,55
1216,99
1217,36
1218,17
1219,61
1220,86
1221,9
1222,11
1223,83
1224,90
1225,2
1226,7
1227,25
1228,72
1229,36
1230,80
1231,73
1232,54
1233,21
1234,50
1235,62
1236,31
1237,63
1238,50
1239,24
1240,91
1241,17
1242,33
1243,8
1244,11
1245,75
1246,92
1247,57
1248,91
1249,21
1250,45
1251,10
1252,55
1253,89
1254,40
1255,44
1256,1
1257,48
1258,54
1259,12
1260,75
1261,17
1262,77
1263,4
1264,17
1265,90
1266,74
1267,42
1268,53
1269,68
1270,86
1271,43
1272,53
1273,68
1274,6
1275,47
1276,22
1277,99
1278,56
1279,25
1280,59
1281,12
1282,88
1283,25
1284,45
1285,81
1286,37
1287,60
1288,84
1289,24
1290,82
1291,45
1292,72
1293,28
1294,95
1295,25
1296,59
1297,21
1298,21
1299,1
1300,93
1301,56
1302,40
1303,7
1304,11
1305,9
1306,58
1307,55
1308,96
1309,76
1310,67
1311,26
1312,12
1313,34
1314,50
1315,19
1316,26
1317,39
1318,26
1319,33
1320,47
1321,9
1322,33
1323,50
1324,38
1325,98
1326,78
1327,39
1328,66
1329,1
1330,65
1331,15
1332,90
1333,40
1334,21
1335,76
1336,27
1337,92
1338,63
1339,87
1340,17
1341,12
1342,51
1343,52
1344,61
1345,46
1346,85
1347,3
1348,8
1349,61
1350,54
1351,1
1352,8
1353,31
1354,53
1355,43
1356,48
1357,38
1358,14
1359,29
1360,68
1361,16
1362,61
1363,23
1364,26
1365,38
1366,21
1367,22
1368,87
1369,100
1370,4
1371,17
1372,87
1373,60
1374,6
1375,28
1376,1
1377,80
1378,32
1379,63
1380,28
1381,79
1382,43
1383,26
1384,37
1385,14
1386,3
1387,38
1388,12
1389,49
1390,92
1391,4
1392,40
1393,46
1394,12
1395,71
1396,23
1397,2
1398,83
1399,6
1400,62
1401,16
1402,41
1403,23
1404,63
1405,18
1406,13
1407,47
1408,25
1409,15
1410,31
1411,18
1412,32
1413,5
1414,10
1415,44
1416,29
1417,39
1418,45
1419,82
1420,59
1421,40
1422,1
1423,21
1424,76
1425,41
1426,42
1427,28
1428,25
1429,90
1430,73
1431,54
1432,40
1433,82
1434,45
1435,53
1436,1
1437,39
1438,44
1439,34
1440,10
1441,4
1442,49
1443,87
1444,40
1445,100
1446,42
1447,42
1448,22
1449,53
1450,39
1451,7
1452,37
1453,8
1454,22
1455,66
1456,52
1457,3
1458,95
1459,4
1460,56
1461,47
1462,7
1463,34
1464,11
1465,62
1466,39
1467,77
1468,35
1469,53
1470,29
1471,49
1472,95
1473,38
1474,43
1475,71
1476,44
1477,54
1478,69
1479,73
1480,69
1481,59
1482,96
1483,72
1484,24
1485,17
1486,17
1487,43
1488,18
1489,5
1490,47
1491,41
1492,19
1493,6
1494,6
1495,25
1496,30
1497,20
1498,32
1499,47
1500,9
1501,19
1502,21
1503,56
1504,46
1505,45
1506,73
1507,33
1508,52
1509,96
1510,87
1511,19
1512,19
1513,72
1514,66
1515,17
1516,31
1517,12
1518,15
1519,39
1520,55
1521,3
1522,19
1523,78
1524,1
1525,59
1526,75
1527,42
1528,28
1529,51
1530,72
1531,27
1532,40
1533,89
1534,16
1535,86
1536,6
1537,19
1538,65
1539,28
1540,64
1541,4
1542,16
1543,31
1544,11
1545,54
1546,74
1547,68
1548,26
1549,68
1550,73
1551,84
1552,29
1553,68
1554,30
1555,50
1556,20
1557,77
1558,16
1559,20
1560,68
1561,19
1562,23
1563,43
1564,2
1565,26
1566,25
1567,88
1568,53
1569,67
1570,25
1571,63
1572,18
1573,35
1574,22
1575,82
1576,59
1577,100
1578,28
1579,22
1580,96
1581,41
1582,66
1583,38
1584,21
1585,42
1586,18
1587,32
1588,87
1589,33
1590,74
1591,36
1592,55
1593,26
1594,86
1595,52
1596,41
1597,5
1598,43
1599,62
1600,100
1601,36
1602,61
1603,5
1604,50
1605,56
1606,50
1607,3
1608,87
1609,50
1610,24
1611,84
1612,54
1613,1
1614,59
1615,13
1616,49
1617,77
1618,41
1619,28
1620,48
1621,30
1622,32
1623,67
1624,10
1625,44
1626,65
1627,37
1628,51
1629,54
1630,2
1631,2
1632,35
1633,25
1634,56
1635,73
1636,2
1637,22
1638,26
1639,74
1640,14
1641,4
1642,32
1643,60
1644,2
1645,7
1646,64
1647,56
1648,36
1649,60
1650,15
1651,96
1652,69
1653,47
1654,10
1655,59
1656,73
1657,27
1658,42
1659,28
1660,97
1661,13
1662,19
1663,64
1664,8
1665,50
1666,92
1667,25
1668,52
1669,100
1670,25
1671,55
1672,12
1673,66
1674,18
1675,61
1676,31
1677,56
1678,70
1679,13
1680,18
1681,22
1682,14
1683,28
1684,12
1685,65
1686,25
1687,24
1688,13
1689,1
1690,21
1691,87
1692,61
1693,93
1694,71
1695,22
1696,28
1697,19
1698,54
1699,4
1700,99
1701,8
1702,75
1703,85
1704,48
1705,70
1706,15
1707,54
1708,38
1709,20
1710,69
1711,30
1712,89
1713,46
1714,17
1715,11
1716,15
1717,5
1718,37
1719,3
1720,74
1721,64
1722,88
1723,42
1724,29
1725,83
1726,6
1727,62
1728,27
1729,51
1730,89
1731,10
1732,59
1733,35
1734,49
1735,75
1736,95
1737,32
1738,4
1739,87
1740,25
1741,21
1742,50
1743,83
1744,64
1745,15
1746,41
1747,10
1748,31
1749,46
1750,52
1751,81
1752,67
1753,31
1754,27
1755,19
1756,34
1757,25
1758,8
1759,24
1760,89
1761,81
1762,78
1763,8
1764,71
1765,38
1766,54
1767,69
1768,81
1769,48
1770,52
1771,46
1772,48
1773,55
1774,5
1775,99
1776,50
1777,32
1778,97
1779,31
1780,39
1781,4
1782,84
1783,35
1784,36
1785,30
1786,80
1787,36
1788,39
1789,60
1790,53
1791,77
1792,57
1793,17
1794,69
1795,31
1796,88
1797,2
1798,60
1799,63
1800,30
1801,4
1802,95
1803,19
1804,74
1805,78
1806,52
1807,81
1808,18
1809,72
1810,31
1811,38
1812,57
1813,53
1814,43
1815,19
1816,64
1817,9
1818,19
1819,83
1820,1
1821,81
1822,25
1823,52
1824,75
1825,26
1826,2
1827,7
1828,20
1829,90
1830,22
1831,12
1832,48
1833,1
1834,79
1835,22
1836,88
1837,66
1838,20
1839,59
1840,31
1841,12
1842,30
1843,53
1844,11
1845,45
1846,45
1847,44
1848,79
1849,24
1850,83
1851,35
1852,28
1853,36
1854,22
1855,8
1856,2
1857,7
1858,25
1859,15
1860,4
1861,60
1862,7
1863,46
1864,39
1865,3
1866,15
1867,46
1868,47
1869,3
1870,53
1871,44
1872,1
1873,68
1874,66
1875,16
1876,81
1877,18
1878,23
1879,98
1880,49
1881,33
1882,8
1883,6
1884,96
1885,60
1886,50
1887,51
1888,88
1889,53
1890,67
1891,46
1892,21
1893,83
1894,2
1895,11
1896,64
1897,31
1898,21
1899,53
1900,1
1901,67
1902,69
1903,60
1904,63
1905,63
1906,58
1907,85
1908,44
1909,57
1910,68
1911,70
1912,90
1913,77
1914,60
1915,74
1916,64
1917,90
1918,93
1919,27
1920,23
1921,10
1922,40
1923,17
1924,19
1925,17
1926,33
1927,33
1928,9
1929,54
1930,10
1931,52
1932,72
1933,76
1934,12
1935,28
1936,15
1937,66
1938,78
1939,85
1940,48
1941,42
1942,15
1943,34
1944,59
1945,6
1946,79
1947,55
1948,53
1949,25
1950,4
1951,50
1952,38
1953,54
1954,67
1955,53
1956,41
1957,17
1958,12
1959,73
1960,10
1961,9
1962,79
1963,26
1964,22
1965,64
1966,68
1967,76
1968,33
1969,98
1970,81
1971,12
1972,83
1973,53
1974,14
1975,43
1976,52
1977,52
1978,64
1979,3
1980,41
1981,38
1982,55
1983,94
1984,93
1985,95
1986,25
1987,9
1988,25
1989,62
1990,28
1991,87
1992,16
1993,24
1994,53
1995,49
1996,32
1997,56
1998,60
1999,91
2000,19
2001,53
2002,37
2003,25
2004,13
2005,97
2006,42
2007,3
2008,1
2009,65
2010,40
2011,31
2012,5
2013,54
2014,54
2015,50
2016,2
2017,89
2018,49
2019,94
2020,1
2021,18
2022,5
2023,27
2024,13
2025,67
2026,12
2027,34
2028,80
2029,28
2030,30
2031,40
2032,25
2033,91
2034,16
2035,31
2036,72
2037,39
2038,6
2039,31
2040,80
2041,35
2042,81
2043,11
2044,49
2045,27
2046,12
2047,23
2048,10
2049,96
2050,29
2051,57
2052,40
2053,12
2054,22
2055,82
2056,5
2057,65
2058,15
2059,87
2060,74
2061,17
2062,78
2063,53
2064,6
2065,26
2066,62
2067,20
2068,53
2069,85
2070,3
2071,65
2072,36
2073,69
2074,52
2075,5
2076,13
2077,27
2078,17
2079,2
2080,21
2081,57
2082,12
2083,41
2084,1
2085,32
2086,54
2087,36
2088,19
2089,51
2090,33
2091,33
2092,16
2093,28
2094,34
2095,39
2096,3
2097,11
2098,97
2099,25
2100,45
2101,43
2102,2
2103,40
2104,5
2105,1
2106,38
2107,13
2108,59
2109,40
2110,48
2111,23
2112,12
2113,97
2114,46
2115,19
2116,84
2117,20
2118,63
2119,32
2120,39
2121,34
2122,28
2123,50
2124,28
2125,45
2126,46
2127,20
2128,45
2129,32
2130,83
2131,48
2132,52
2133,66
2134,9
2135,71
2136,85
2137,1
2138,24
2139,30
2140,55
2141,40
2142,32
2143,35
2144,44
2145,74
2146,7
2147,51
2148,46
2149,22
2150,48
2151,1
2152,69
2153,15
2154,23
2155,3
2156,10
2157,61
2158,100
2159,70
2160,16
2161,14
2162,34
2163,13
2164,47
2165,12
2166,51
2167,34
2168,16
2169,27
2170,48
2171,23
2172,18
2173,23
2174,41
2175,82
2176,47
2177,92
2178,6
2179,74
2180,52
2181,13
2182,51
2183,60
2184,82
2185,93
2186,73
2187,29
2188,10
2189,24
2190,96
2191,21
2192,3
2193,93
2194,5
2195,14
2196,17
2197,60
2198,40
2199,42
2200,3
2201,82
2202,24
2203,17
2204,64
2205,40
2206,73
2207,70
2208,4
2209,54
2210,76
2211,88
2212,74
2213,55
2214,43
2215,17
2216,14
2217,82
2218,25
2219,19
2220,6
2221,65
2222,60
2223,73
2224,54
2225,18
2226,7
2227,40
2228,59
2229,95
2230,22
2231,2
2232,22
2233,22
2234,48
2235,92
2236,55
2237,55
2238,40
2239,38
2240,19
2241,38
2242,12
2243,94
2244,9
2245,47
2246,1
2247,83
2248,68
2249,32
2250,4
2251,43
2252,58
2253,49
2254,44
2255,21
2256,78
2257,63
2258,5
2259,100
2260,5
2261,39
2262,41
2263,56
2264,15
2265,98
2266,3
2267,44
2268,15
2269,51
2270,40
2271,53
2272,67
2273,99
2274,89
2275,25
2276,14
2277,19
2278,78
2279,90
2280,85
2281,70
2282,57
2283,54
2284,37
2285,46
2286,46
2287,94
2288,23
2289,20
2290,74
2291,15
2292,26
2293,10
2294,24
2295,3
2296,4
2297,94
2298,24
2299,73
2300,35
2301,16
2302,14
2303,32
2304,46
2305,3
2306,1
2307,9
2308,46
2309,41
2310,97
2311,89
2312,33
2313,43
2314,16
2315,22
2316,98
2317,75
2318,11
2319,60
2320,32
2321,57
2322,39
2323,70
2324,11
2325,91
2326,73
2327,9
2328,29
2329,79
2330,71
2331,33
2332,88
2333,39
2334,23
2335,15
2336,9
2337,46
2338,18
2339,19
2340,30
2341,64
2342,56
2343,25
2344,38
2345,58
2346,92
2347,50
2348,37
2349,1
2350,41
2351,75
2352,2
2353,37
2354,96
2355,39
2356,67
2357,53
2358,13
2359,11
2360,17
2361,43
2362,39
2363,57
2364,65
2365,99
2366,77
2367,52
2368,41
2369,84
2370,34
2371,65
2372,32
2373,58
2374,24
2375,92
2376,71
2377,28
2378,87
2379,54
2380,41
2381,12
2382,23
2383,33
2384,97
2385,95
2386,15
2387,31
2388,13
2389,96
2390,2
2391,38
2392,17
2393,14
2394,55
2395,75
2396,53
2397,45
2398,22
2399,5
2400,12
2401,96
2402,43
2403,64
2404,92
2405,75
2406,83
2407,56
2408,88
2409,11
2410,15
2411,7
2412,55
2413,2
2414,76
2415,3
2416,50
2417,11
2418,29
2419,12
2420,1
2421,34
2422,44
2423,46
2424,4
2425,95
2426,51
2427,39
2428,21
2429,13
2430,44
2431,4
2432,24
2433,8
2434,32
2435,28
2436,75
2437,9
2438,37
2439,27
2440,56
2441,36
2442,53
2443,98
2444,76
2445,25
2446,77
2447,82
2448,56
2449,61
2450,8
2451,21
2452,20
2453,1
2454,20
2455,70
2456,76
2457,44
2458,74
2459,31
2460,47
2461,6
2462,63
2463,24
2464,68
2465,16
2466,40
2467,71
2468,99
2469,32
2470,28
2471,43
2472,65
2473,96
2474,11
2475,55
2476,51
2477,44
2478,89
2479,72
2480,12
2481,82
2482,2
2483,98
2484,29
2485,77
2486,4
2487,40
2488,94
2489,9
2490,70
2491,89
2492,16
2493,87
2494,61
2495,8
2496,21
2497,51
2498,60
2499,3
2500,21
2501,19
2502,17
2503,45
2504,93
2505,69
2506,83
2507,33
2508,32
2509,73
2510,86
2511,37
2512,36
2513,28
2514,3
2515,8
2516,61
2517,66
2518,10
2519,54
2520,61
2521,18
2522,35
2523,41
2524,47
2525,32
2526,29
2527,85
2528,97
2529,19
2530,49
2531,98
2532,82
2533,6
2534,43
2535,41
2536,16
2537,89
2538,58
2539,50
2540,74
2541,52
2542,82
2543,47
2544,12
2545,59
2546,34
2547,62
2548,50
2549,14
2550,3
2551,4
2552,18
2553,43
2554,64
2555,45
2556,33
2557,9
2558,80
2559,70
2560,18
2561,83
2562,17
2563,2
2564,3
2565,48
2566,20
2567,87
2568,47
2569,78
2570,48
2571,19
2572,31
2573,95
2574,23
2575,26
2576,18
2577,53
2578,30
2579,60
2580,42
2581,49
2582,58
2583,29
2584,89
2585,63
2586,40
2587,65
2588,60
2589,57
2590,1
2591,51
2592,9
2593,99
2594,10
2595,13
2596,64
2597,38
2598,89
2599,18
2600,55
2601,93
2602,4
2603,22
2604,78
2605,51
2606,8
2607,68
2608,5
2609,1
2610,11
2611,55
2612,32
2613,83
2614,58
2615,51
2616,94
2617,4
2618,64
2619,2
2620,9
2621,57
2622,54
2623,21
2624,17
2625,38
2626,59
2627,23
2628,15
2629,59
2630,30
2631,7
2632,56
2633,4
2634,76
2635,22
2636,22
2637,12
2638,46
2639,48
2640,39
2641,3
2642,42
2643,95
2644,5
2645,58
2646,29
2647,48
2648,60
2649,100
2650,15
2651,19
2652,1
2653,30
2654,96
2655,51
2656,95
2657,36
2658,45
2659,81
2660,61
2661,82
2662,73
2663,71
2664,42
2665,61
2666,54
2667,47
2668,20
2669,26
2670,6
2671,97
2672,44
2673,29
2674,86
2675,64
2676,47
2677,87
2678,57
2679,1
2680,19
2681,17
2682,84
2683,69
2684,19
2685,81
2686,4
2687,20
2688,41
2689,40
2690,60
2691,39
2692,30
2693,6
2694,67
2695,8
2696,3
2697,74
2698,45
2699,88
2700,4
2701,25
2702,45
2703,25
2704,82
2705,13
2706,36
2707,95
2708,49
2709,12
2710,17
2711,88
2712,48
2713,10
2714,30
2715,13
2716,16
2717,56
2718,28
2719,26
2720,63
2721,49
2722,2
2723,70
2724,27
2725,30
2726,75
2727,7
2728,66
2729,69
2730,39
2731,21
2732,22
2733,11
2734,14
2735,41
2736,34
2737,31
2738,49
2739,93
2740,96
2741,37
2742,84
2743,62
2744,91
2745,96
2746,37
2747,65
2748,56
2749,44
2750,96
2751,39
2752,10
2753,28
2754,77
2755,41
2756,95
2757,11
2758,10
2759,75
2760,38
2761,90
2762,70
2763,50
2764,32
2765,29
2766,55
2767,47
2768,60
2769,13
2770,68
2771,25
2772,15
2773,61
2774,11
2775,70
2776,96
2777,60
2778,45
2779,17
2780,9
2781,39
2782,33
2783,2
2784,20
2785,12
2786,72
2787,3
2788,28
2789,29
2790,1
2791,28
2792,63
2793,58
2794,5
2795,66
2796,6
2797,53
2798,36
2799,71
2800,38
2801,72
2802,11
2803,35
2804,15
2805,26
2806,63
2807,28
2808,69
2809,60
2810,7
2811,3
2812,36
2813,83
2814,45
2815,17
2816,49
2817,45
2818,9
2819,41
2820,94
2821,32
2822,47
2823,74
2824,53
2825,47
2826,89
2827,26
2828,89
2829,80
2830,28
2831,21
2832,95
2833,46
2834,13
2835,62
2836,49
2837,15
2838,32
2839,48
2840,95
2841,29
2842,95
2843,63
2844,8
2845,22
2846,16
2847,58
2848,56
2849,54
2850,11
2851,3
2852,99
2853,52
2854,69
2855,6
2856,46
2857,81
2858,74
2859,62
2860,14
2861,23
2862,33
2863,16
2864,38
2865,47
2866,87
2867,45
2868,46
2869,69
2870,8
2871,1
2872,42
2873,39
2874,11
2875,16
2876,12
2877,1
2878,10
2879,87
2880,57
2881,85
2882,59
2883,22
2884,82
2885,85
2886,77
2887,47
2888,25
2889,45
2890,95
2891,16
2892,26
2893,42
2894,8
2895,14
2896,54
2897,38
2898,66
2899,3
2900,94
2901,12
2902,88
2903,27
2904,26
2905,8
2906,39
2907,86
2908,7
2909,98
2910,33
2911,75
2912,1
2913,24
2914,52
2915,64
2916,32
2917,15
2918,78
2919,92
2920,79
2921,44
2922,3
2923,44
2924,18
2925,88
2926,18
2927,15
2928,42
2929,79
2930,100
2931,52
2932,24
2933,53
2934,10
2935,52
2936,11
2937,98
2938,51
2939,7
2940,20
2941,9
2942,35
2943,67
2944,29
2945,93
2946,87
2947,48
2948,16
2949,77
2950,36
2951,88
2952,27
2953,30
2954,80
2955,1
2956,25
2957,58
2958,2
2959,78
2960,37
2961,19
2962,8
2963,18
2964,39
2965,69
2966,26
2967,19
2968,36
2969,14
2970,49
2971,31
2972,100
2973,53
2974,67
2975,67
2976,90
2977,18
2978,24
2979,84
2980,46
2981,59
2982,64
2983,43
2984,39
2985,3
2986,57
2987,44
2988,59
2989,20
2990,34
2991,47
2992,13
2993,37
2994,62
2995,6
2996,73
2997,87
2998,60
2999,56
3000,48
3001,46
3002,2
3003,50
3004,24
3005,95
3006,29
3007,87
3008,61
3009,23
3010,75
3011,93
3012,68
3013,75
3014,96
3015,37
3016,10
3017,40
3018,39
3019,16
3020,40
3021,45
3022,34
3023,39
3024,99
3025,2
3026,80
3027,15
3028,87
3029,7
3030,5
3031,88
3032,72
3033,84
3034,1
3035,11
3036,79
3037,79
3038,66
3039,20
3040,13
3041,29
3042,73
3043,81
3044,75
3045,29
3046,3
3047,60
3048,93
3049,72
3050,49
3051,52
3052,7
3053,62
3054,32
3055,8
3056,32
3057,9
3058,71
3059,45
3060,56
3061,86
3062,23
3063,31
3064,67
3065,6
3066,68
3067,45
3068,12
3069,46
3070,64
3071,60
3072,14
3073,58
3074,75
3075,15
3076,63
3077,27
3078,28
3079,9
3080,91
3081,48
3082,26
3083,6
3084,28
3085,52
3086,46
3087,3
3088,76
3089,13
3090,29
3091,25
3092,64
3093,35
3094,57
3095,89
3096,73
3097,4
3098,23
3099,36
3100,24
3101,47
3102,35
3103,2
3104,12
3105,55
3106,39
3107,17
3108,97
3109,18
3110,84
3111,31
3112,69
3113,44
3114,90
3115,52
3116,74
3117,55
3118,10
3119,35
3120,42
3121,12
3122,5
3123,95
3124,6
3125,3
3126,49
3127,75
3128,12
3129,78
3130,46
3131,36
3132,20
3133,6
3134,48
3135,37
3136,48
3137,91
3138,13
3139,58
3140,59
3141,54
3142,33
3143,29
3144,33
3145,57
3146,36
3147,1
3148,17
3149,46
3150,9
3151,26
3152,41
3153,17
3154,90
3155,92
3156,75
3157,88
3158,44
3159,87
3160,29
3161,25
3162,68
3163,66
3164,78
3165,91
3166,5
3167,14
3168,76
3169,54
3170,96
3171,76
3172,8
3173,60
3174,24
3175,69
3176,10
3177,50
3178,47
3179,66
3180,39
3181,85
3182,11
3183,75
3184,66
3185,35
3186,4
3187,61
3188,13
3189,22
3190,52
3191,13
3192,53
3193,29
3194,62
3195,22
3196,45
3197,9
3198,18
3199,36
3200,9
3201,38
3202,28
3203,9
3204,47
3205,95
3206,37
3207,82
3208,10
3209,93
3210,25
3211,4
3212,19
3213,20
3214,6
3215,59
3216,37
3217,53
3218,42
3219,47
3220,1
3221,28
3222,57
3223,14
3224,44
3225,73
3226,97
3227,13
3228,60
3229,78
3230,8
3231,16
3232,12
3233,18
3234,53
3235,91
3236,40
3237,36
3238,91
3239,78
3240,19
3241,53
3242,33
3243,7
3244,3
3245,93
3246,1
3247,35
3248,7
3249,16
3250,100
3251,38
3252,91
3253,7
3254,50
3255,22
3256,61
3257,16
3258,8
3259,17
3260,73
3261,75
3262,80
3263,32
3264,14
3265,77
3266,4
3267,85
3268,99
3269,13
3270,58
3271,77
3272,46
3273,94
3274,41
3275,59
3276,67
3277,34
3278,56
3279,75
3280,47
3281,73
3282,22
3283,35
3284,34
3285,62
3286,21
3287,2
3288,48
3289,51
3290,45
3291,27
3292,56
3293,87
3294,45
3295,43
3296,21
3297,83
3298,86
3299,67
3300,32
3301,26
3302,66
3303,68
3304,89
3305,67
3306,12
3307,95
3308,26
3309,25
3310,10
3311,18
3312,31
3313,30
3314,6
3315,100
3316,33
3317,99
3318,59
3319,56
3320,50
3321,53
3322,17
3323,71
3324,11
3325,99
3326,23
3327,76
3328,73
3329,5
3330,80
3331,34
3332,1
3333,17
3334,100
3335,91
3336,36
3337,77
3338,4
3339,24
3340,68
3341,92
3342,3
3343,67
3344,74
3345,14
3346,34
3347,30
3348,57
3349,25
3350,19
3351,33
3352,5
3353,78
3354,63
3355,24
3356,21
3357,46
3358,69
3359,26
3360,67
3361,72
3362,17
3363,12
3364,19
3365,56
3366,7
3367,45
3368,71
3369,74
3370,31
3371,20
3372,82
3373,50
3374,24
3375,47
3376,15
3377,49
3378,24
3379,76
3380,38
3381,80
3382,63
3383,37
3384,13
3385,85
3386,86
3387,5
3388,57
3389,3
3390,57
3391,57
3392,50
3393,92
3394,70
3395,34
3396,27
3397,58
3398,75
3399,13
3400,43
3401,15
3402,84
3403,89
3404,9
3405,13
3406,63
3407,21
3408,4
3409,59
3410,25
3411,89
3412,96
3413,74
3414,28
3415,59
3416,80
3417,49
3418,57
3419,80
3420,66
3421,40
3422,7
3423,78
3424,7
3425,15
3426,55
3427,87
3428,46
3429,32
3430,34
3431,70
3432,28
3433,24
3434,8
3435,29
3436,18
3437,53
3438,9
3439,28
3440,56
3441,24
3442,30
3443,29
3444,19
3445,70
3446,1
3447,23
3448,90
3449,89
3450,43
3451,6
3452,57
3453,66
3454,11
3455,81
3456,51
3457,32
3458,19
3459,81
3460,25
3461,66
3462,82
3463,31
3464,1
3465,15
3466,86
3467,18
3468,59
3469,64
3470,21
3471,87
3472,5
3473,45
3474,10
3475,6
3476,20
3477,27
3478,46
3479,88
3480,9
3481,76
3482,23
3483,9
3484,24
3485,1
3486,90
3487,51
3488,37
3489,16
3490,98
3491,37
3492,45
3493,84
3494,87
3495,2
3496,45
3497,32
3498,48
3499,76
3500,55
3501,50
3502,23
3503,5
3504,9
3505,90
3506,53
3507,91
3508,15
3509,67
3510,28
3511,3
3512,44
3513,44
3514,66
3515,20
3516,9
3517,68
3518,48
3519,37
3520,2
3521,99
3522,40
3523,44
3524,3
3525,53
3526,16
3527,12
3528,33
3529,46
3530,24
3531,1
3532,2
3533,68
3534,52
3535,85
3536,32
3537,40
3538,41
3539,89
3540,11
3541,22
3542,23
3543,72
3544,71
3545,82
3546,42
3547,64
3548,56
3549,46
3550,49
3551,91
3552,75
3553,47
3554,48
3555,57
3556,74
3557,11
3558,87
3559,26
3560,86
3561,14
3562,21
3563,48
3564,20
3565,67
3566,1
3567,49
3568,23
3569,89
3570,74
3571,8
3572,52
3573,39
3574,31
3575,17
3576,39
3577,55
3578,71
3579,37
3580,13
3581,35
3582,18
3583,47
3584,85
3585,42
3586,77
3587,17
3588,85
3589,69
3590,81
3591,42
3592,68
3593,38
3594,38
3595,8
3596,1
3597,1
3598,56
3599,42
3600,36
3601,43
3602,85
3603,27
3604,70
3605,66
3606,83
3607,69
3608,49
3609,11
3610,82
3611,88
3612,88
3613,45
3614,82
3615,59
3616,12
3617,39
3618,59
3619,37
3620,46
3621,98
3622,15
3623,35
3624,40
3625,95
3626,2
3627,23
3628,54
3629,43
3630,25
3631,75
3632,100
3633,1
3634,67
3635,95
3636,26
3637,20
3638,51
3639,35
3640,23
3641,27
3642,67
3643,21
3644,76
3645,35
3646,46
3647,60
3648,22
3649,43
3650,85
3651,10
3652,28
3653,82
3654,42
3655,91
3656,15
3657,13
3658,12
3659,50
3660,23
3661,42
3662,67
3663,96
3664,97
3665,23
3666,7
3667,47
3668,91
3669,14
3670,21
3671,56
3672,19
3673,62
3674,25
3675,17
3676,80
3677,16
3678,62
3679,41
3680,1
3681,43
3682,37
3683,64
3684,42
3685,76
3686,79
3687,35
3688,24
3689,40
3690,51
3691,51
3692,38
3693,19
3694,70
3695,33
3696,100
3697,99
3698,32
3699,69
3700,2
3701,17
3702,11
3703,40
3704,81
3705,63
3706,31
3707,79
3708,61
3709,7
3710,31
3711,21
3712,84
3713,75
3714,66
3715,54
3716,27
3717,90
3718,62
3719,56
3720,74
3721,89
3722,11
3723,37
3724,37
3725,1
3726,19
3727,37
3728,17
3729,46
3730,56
3731,97
3732,15
3733,59
3734,61
3735,90
3736,80
3737,41
3738,47
3739,20
3740,72
3741,5
3742,11
3743,78
3744,13
3745,54
3746,20
3747,1
3748,70
3749,94
3750,14
3751,53
3752,80
3753,71
3754,68
3755,29
3756,68
3757,52
3758,65
3759,24
3760,39
3761,7
3762,9
3763,44
3764,2
3765,5
3766,31
3767,59
3768,79
3769,34
3770,47
3771,14
3772,23
3773,14
3774,38
3775,47
3776,54
3777,77
3778,84
3779,12
3780,15
3781,48
3782,45
3783,84
3784,39
3785,72
3786,24
3787,38
3788,32
3789,96
3790,94
3791,47
3792,27
3793,74
3794,40
3795,53
3796,61
3797,50
3798,54
3799,15
3800,23
3801,50
3802,73
3803,38
3804,18
3805,18
3806,55
3807,68
3808,17
3809,2
3810,16
3811,75
3812,11
3813,20
3814,12
3815,33
3816,89
3817,38
3818,94
3819,94
3820,30
3821,43
3822,73
3823,4
3824,17
3825,18
3826,27
3827,54
3828,54
3829,86
3830,79
3831,15
3832,27
3833,26
3834,35
3835,18
3836,42
3837,73
3838,90
3839,48
3840,56
3841,68
3842,13
3843,64
3844,44
3845,98
3846,84
3847,46
3848,78
3849,59
3850,10
3851,41
3852,12
3853,22
3854,92
3855,41
3856,19
3857,12
3858,31
3859,27
3860,86
3861,49
3862,44
3863,100
3864,34
3865,31
3866,86
3867,7
3868,34
3869,59
3870,75
3871,46
3872,16
3873,23
3874,58
3875,3
3876,76
3877,57
3878,61
3879,50
3880,89
3881,34
3882,12
3883,17
3884,25
3885,34
3886,55
3887,52
3888,17
3889,39
3890,76
3891,100
3892,56
3893,32
3894,87
3895,72
3896,11
3897,22
3898,47
3899,40
3900,52
3901,29
3902,100
3903,53
3904,54
3905,14
3906,26
3907,82
3908,100
3909,25
3910,48
3911,39
3912,44
3913,91
3914,12
3915,81
3916,2
3917,28
3918,4
3919,47
3920,49
3921,87
3922,31
3923,25
3924,11
3925,33
3926,21
3927,24
3928,99
3929,19
3930,89
3931,83
3932,28
3933,90
3934,1
3935,46
3936,95
3937,71
3938,9
3939,80
3940,57
3941,29
3942,31
3943,63
3944,92
3945,33
3946,50
3947,67
3948,21
3949,31
3950,95
3951,74
3952,62
3953,3
3954,37
3955,18
3956,54
3957,73
3958,39
3959,4
3960,31
3961,78
3962,18
3963,19
3964,60
3965,24
3966,99
3967,45
3968,32
3969,1
3970,33
3971,52
3972,46
3973,31
3974,19
3975,53
3976,34
3977,20
3978,11
3979,45
3980,42
3981,12
3982,7
3983,81
3984,94
3985,1
3986,3
3987,26
3988,1
3989,41
3990,94
3991,44
3992,42
3993,68
3994,52
3995,27
3996,30
3997,24
3998,2
3999,39
4000,49
4001,20
4002,56
4003,99
4004,16
4005,91
4006,81
4007,54
4008,58
4009,35
4010,83
4011,68
4012,37
4013,41
4014,6
4015,14
4016,31
4017,24
4018,25
4019,23
4020,31
4021,71
4022,29
4023,52
4024,6
4025,55
4026,38
4027,51
4028,80
4029,59
4030,36
4031,64
4032,56
4033,22
4034,61
4035,5
4036,97
4037,70
4038,17
4039,38
4040,26
4041,78
4042,34
4043,81
4044,68
4045,35
4046,16
4047,37
4048,84
4049,78
4050,80
4051,40
4052,21
4053,8
4054,79
4055,20
4056,35
4057,33
4058,34
4059,14
4060,26
4061,39
4062,25
4063,98
4064,24
4065,16
4066,8
4067,3
4068,42
4069,56
4070,67
4071,45
4072,33
4073,89
4074,80
4075,4
4076,5
4077,33
4078,77
4079,17
4080,58
4081,100
4082,24
4083,1
4084,79
4085,44
4086,27
4087,58
4088,11
4089,44
4090,47
4091,65
4092,37
4093,81
4094,84
4095,82
4096,78
4097,99
4098,4
4099,12
4100,64
4101,7
4102,27
4103,81
4104,39
4105,7
4106,30
4107,22
4108,29
4109,45
4110,97
4111,98
4112,95
4113,89
4114,45
4115,95
4116,90
4117,53
4118,36
4119,56
4120,8
4121,71
4122,89
4123,73
4124,6
4125,31
4126,20
4127,61
4128,9
4129,40
4130,76
4131,90
4132,6
4133,9
4134,51
4135,27
4136,61
4137,25
4138,34
4139,71
4140,66
4141,46
4142,28
4143,8
4144,82
4145,58
4146,31
4147,89
4148,88
4149,8
4150,40
4151,73
4152,7
4153,40
4154,60
4155,79
4156,18
4157,32
4158,6
4159,22
4160,50
4161,67
4162,16
4163,80
4164,23
4165,5
4166,47
4167,73
4168,54
4169,19
4170,88
4171,71
4172,14
4173,69
4174,53
4175,41
4176,86
4177,25
4178,85
4179,48
4180,63
4181,4
4182,40
4183,17
4184,41
4185,78
4186,77
4187,48
4188,59
4189,38
4190,100
4191,38
4192,67
4193,9
4194,80
4195,86
4196,90
4197,7
4198,18
4199,19
4200,2
4201,54
4202,8
4203,81
4204,13
4205,29
4206,7
4207,22
4208,14
4209,8
4210,96
4211,86
4212,72
4213,6
4214,70
4215,54
4216,42
4217,53
4218,67
4219,54
4220,3
4221,21
4222,91
4223,40
4224,15
4225,53
4226,15
4227,22
4228,91
4229,13
4230,45
4231,14
4232,82
4233,24
4234,70
4235,29
4236,94
4237,59
4238,23
4239,1
4240,45
4241,14
4242,63
4243,88
4244,27
4245,79
4246,54
4247,1
4248,87
4249,44
4250,25
4251,70
4252,58
4253,68
4254,65
4255,76
4256,17
4257,2
4258,81
4259,10
4260,54
4261,95
4262,9
4263,59
4264,42
4265,42
4266,24
4267,9
4268,75
4269,84
4270,57
4271,65
4272,94
4273,60
4274,71
4275,69
4276,99
4277,27
4278,45
4279,15
4280,8
4281,13
4282,26
4283,29
4284,51
4285,58
4286,71
4287,42
4288,56
4289,87
4290,54
4291,39
4292,23
4293,73
4294,16
4295,9
4296,75
4297,60
4298,45
4299,73
4300,97
4301,11
4302,49
4303,32
4304,31
4305,35
4306,79
4307,47
4308,57
4309,25
4310,28
4311,31
4312,55
4313,73
4314,83
4315,3
4316,89
4317,1
4318,85
4319,9
4320,49
4321,11
4322,89
4323,18
4324,14
4325,42
4326,19
4327,26
4328,99
4329,39
4330,65
4331,30
4332,25
4333,51
4334,18
4335,7
4336,4
4337,51
4338,40
4339,24
4340,11
4341,50
4342,51
4343,24
4344,48
4345,33
4346,4
4347,16
4348,13
4349,13
4350,80
4351,70
4352,58
4353,65
4354,45
4355,26
4356,47
4357,49
4358,17
4359,51
4360,36
4361,8
4362,73
4363,34
4364,72
4365,83
4366,52
4367,12
4368,38
4369,20
4370,32
4371,44
4372,27
4373,12
4374,17
4375,24
4376,41
4377,24
4378,66
4379,88
4380,52
4381,14
4382,52
4383,22
4384,38
4385,79
4386,87
4387,32
4388,96
4389,16
4390,22
4391,40
4392,13
4393,17
4394,31
4395,4
4396,59
4397,18
4398,97
4399,46
4400,55
4401,58
4402,56
4403,48
4404,74
4405,1
4406,78
4407,99
4408,28
4409,43
4410,25
4411,18
4412,92
4413,54
4414,10
4415,17
4416,18
4417,67
4418,34
4419,37
4420,50
4421,1
4422,88
4423,38
4424,84
4425,20
4426,34
4427,26
4428,73
4429,91
4430,29
4431,33
4432,57
4433,81
4434,12
4435,3
4436,48
4437,65
4438,36
4439,53
4440,42
4441,13
4442,8
4443,37
4444,35
4445,58
4446,3
4447,51
4448,70
4449,19
4450,33
4451,97
4452,37
4453,77
4454,32
4455,26
4456,2
4457,33
4458,61
4459,26
4460,3
4461,5
4462,25
4463,26
4464,29
4465,47
4466,49
4467,83
4468,76
4469,53
4470,30
4471,23
4472,39
4473,20
4474,70
4475,57
4476,71
4477,14
4478,38
4479,97
4480,21
4481,80
4482,27
4483,88
4484,63
4485,14
4486,42
4487,35
4488,69
4489,12
4490,50
4491,79
4492,51
4493,19
4494,39
4495,12
4496,99
4497,57
4498,23
4499,14
4500,61
4501,35
4502,1
4503,90
4504,5
4505,11
4506,48
4507,5
4508,11
4509,89
4510,35
4511,82
4512,16
4513,21
4514,58
4515,65
4516,2
4517,38
4518,27
4519,9
4520,7
4521,85
4522,56
4523,74
4524,10
4525,66
4526,94
4527,24
4528,21
4529,28
4530,3
4531,6
4532,48
4533,27
4534,59
4535,46
4536,67
4537,81
4538,7
4539,32
4540,27
4541,14
4542,20
4543,20
4544,8
4545,10
4546,40
4547,21
4548,31
4549,5
4550,35
4551,9
4552,5
4553,66
4554,94
4555,39
4556,38
4557,98
4558,100
4559,37
4560,94
4561,54
4562,56
4563,51
4564,6
4565,15
4566,10
4567,77
4568,89
4569,73
4570,18
4571,11
4572,32
4573,19
4574,34
4575,55
4576,4
4577,39
4578,82
4579,11
4580,61
4581,97
4582,32
4583,29
4584,57
4585,52
4586,47
4587,31
4588,14
4589,30
4590,64
4591,23
4592,4
4593,21
4594,73
4595,93
4596,37
4597,46
4598,14
4599,23
4600,50
4601,50
4602,57
4603,52
4604,43
4605,59
4606,28
4607,8
4608,46
4609,44
4610,14
4611,54
4612,1
4613,2
4614,94
4615,80
4616,31
4617,24
4618,25
4619,52
4620,26
4621,36
4622,68
4623,53
4624,39
4625,68
4626,73
4627,8
4628,54
4629,98
4630,23
4631,48
4632,67
4633,96
4634,69
4635,24
4636,3
4637,42
4638,25
4639,75
4640,28
4641,7
4642,67
4643,20
4644,33
4645,14
4646,12
4647,26
4648,53
4649,100
4650,100
4651,13
4652,19
4653,86
4654,52
4655,34
4656,32
4657,48
4658,9
4659,87
4660,18
4661,96
4662,23
4663,54
4664,14
4665,21
4666,37
4667,82
4668,92
4669,10
4670,36
4671,34
4672,72
4673,35
4674,93
4675,64
4676,26
4677,7
4678,58
4679,30
4680,67
4681,15
4682,40
4683,37
4684,35
4685,93
4686,89
4687,50
4688,33
4689,13
4690,13
4691,29
4692,16
4693,22
4694,4
4695,62
4696,54
4697,95
4698,49
4699,72
4700,79
4701,30
4702,38
4703,4
4704,73
4705,7
4706,46
4707,28
4708,64
4709,82
4710,5
4711,73
4712,36
4713,87
4714,19
4715,66
4716,33
4717,79
4718,17
4719,70
4720,48
4721,46
4722,41
4723,67
4724,16
4725,85
4726,12
4727,90
4728,58
4729,33
4730,45
4731,45
4732,61
4733,10
4734,12
4735,92
4736,5
4737,60
4738,48
4739,37
4740,74
4741,71
4742,80
4743,22
4744,2
4745,15
4746,26
4747,45
4748,34
4749,14
4750,27
4751,36
4752,10
4753,56
4754,69
4755,4
4756,44
4757,62
4758,59
4759,39
4760,41
4761,20
4762,12
4763,80
4764,47
4765,63
4766,80
4767,47
4768,65
4769,4
4770,88
4771,22
4772,30
4773,60
4774,44
4775,66
4776,66
4777,15
4778,42
4779,4
4780,99
4781,19
4782,52
4783,23
4784,18
4785,23
4786,5
4787,52
4788,87
4789,42
4790,28
4791,10
4792,43
4793,61
4794,99
4795,57
4796,13
4797,9
4798,56
4799,84
4800,76
4801,84
4802,10
4803,19
4804,14
4805,88
4806,10
4807,45
4808,58
4809,49
4810,60
4811,47
4812,5
4813,18
4814,19
4815,51
4816,65
4817,92
4818,58
4819,11
4820,5
4821,98
4822,54
4823,56
4824,96
4825,78
4826,94
4827,56
4828,68
4829,30
4830,74
4831,6
4832,64
4833,40
4834,35
4835,35
4836,68
4837,69
4838,86
4839,24
4840,72
4841,30
4842,70
4843,69
4844,41
4845,68
4846,42
4847,35
4848,37
4849,35
4850,90
4851,63
4852,52
4853,43
4854,11
4855,2
4856,56
4857,7
4858,99
4859,81
4860,91
4861,27
4862,41
4863,87
4864,71
4865,84
4866,44
4867,40
4868,79
4869,21
4870,29
4871,81
4872,30
4873,35
4874,55
4875,36
4876,18
4877,89
4878,61
4879,69
4880,88
4881,78
4882,73
4883,26
4884,86
4885,2
4886,3
4887,71
4888,49
4889,2
4890,67
4891,19
4892,47
4893,91
4894,32
4895,55
4896,21
4897,47
4898,1
4899,13
4900,11
4901,78
4902,29
4903,45
4904,10
4905,21
4906,46
4907,98
4908,9
4909,35
4910,14
4911,58
4912,74
4913,1
4914,37
4915,80
4916,8
4917,41
4918,75
4919,11
4920,65
4921,8
4922,10
4923,89
4924,59
4925,20
4926,6
4927,32
4928,68
4929,54
4930,39
4931,27
4932,46
4933,22
4934,79
4935,52
4936,47
4937,53
4938,39
4939,62
4940,6
4941,38
4942,18
4943,19
4944,34
4945,43
4946,76
4947,56
4948,45
4949,78
4950,64
4951,66
4952,24
4953,51
4954,67
4955,39
4956,4
4957,7
4958,59
4959,26
4960,19
4961,58
4962,67
4963,14
4964,60
4965,51
4966,16
4967,83
4968,15
4969,31
4970,3
4971,32
4972,30
4973,94
4974,92
4975,96
4976,69
4977,45
4978,55
4979,44
4980,59
4981,82
4982,32
4983,51
4984,47
4985,25
4986,13
4987,23
4988,18
4989,97
4990,45
4991,8
4992,40
4993,57
4994,95
4995,98
4996,39
4997,29
4998,13
4999,41
5000,45
5001,35
5002,67
5003,14
5004,26
5005,51
5006,97
5007,33
5008,18
5009,7
5010,42
5011,56
5012,68
5013,42
5014,91
5015,45
5016,95
5017,65
5018,37
5019,85
5020,79
5021,22
5022,35
5023,12
5024,25
5025,11
5026,75
5027,87
5028,39
5029,39
5030,39
5031,9
5032,95
5033,37
5034,100
5035,33
5036,1
5037,22
5038,8
5039,81
5040,67
5041,3
5042,31
5043,38
5044,21
5045,53
5046,3
5047,34
5048,61
5049,21
5050,83
5051,46
5052,27
5053,90
5054,71
5055,56
5056,35
5057,59
5058,51
5059,33
5060,5
5061,19
5062,64
5063,73
5064,93
5065,81
5066,26
5067,30
5068,46
5069,99
5070,31
5071,58
5072,65
5073,77
5074,47
5075,41
5076,53
5077,14
5078,35
5079,29
5080,1
5081,24
5082,21
5083,17
5084,73
5085,56
5086,40
5087,85
5088,96
5089,35
5090,15
5091,59
5092,87
5093,20
5094,44
5095,77
5096,4
5097,66
5098,80
5099,98
5100,5
5101,4
5102,34
5103,11
5104,64
5105,85
5106,87
5107,11
5108,68
5109,57
5110,51
5111,98
5112,95
5113,38
5114,40
5115,85
5116,19
5117,10
5118,31
5119,5
5120,92
5121,9
5122,31
5123,94
5124,19
5125,45
5126,49
5127,1
5128,16
5129,48
5130,62
5131,40
5132,78
5133,38
5134,57
5135,58
5136,17
5137,86
5138,63
5139,1
5140,50
5141,24
5142,65
5143,59
5144,7
5145,63
5146,94
5147,57
5148,94
5149,96
5150,11
5151,24
5152,88
5153,49
5154,3
5155,8
5156,28
5157,5
5158,72
5159,6
5160,42
5161,86
5162,47
5163,49
5164,91
5165,60
5166,22
5167,30
5168,10
5169,67
5170,26
5171,32
5172,55
5173,67
5174,59
5175,44
5176,42
5177,15
5178,32
5179,95
5180,46
5181,4
5182,97
5183,42
5184,25
5185,32
5186,10
5187,66
5188,49
5189,50
5190,28
5191,66
5192,7
5193,82
5194,40
5195,52
5196,31
5197,16
5198,58
5199,1
5200,10
5201,93
5202,44
5203,52
5204,82
5205,46
5206,73
5207,28
5208,60
5209,2
5210,52
5211,73
5212,30
5213,75
5214,75
5215,77
5216,77
5217,53
5218,29
5219,34
5220,74
5221,36
5222,35
5223,67
5224,14
5225,65
5226,52
5227,28
5228,74
5229,12
5230,81
5231,47
5232,16
5233,68
5234,65
5235,30
5236,33
5237,56
5238,30
5239,41
5240,22
5241,48
5242,37
5243,25
5244,44
5245,44
5246,48
5247,6
5248,11
5249,87
5250,33
5251,62
5252,44
5253,38
5254,19
5255,9
5256,11
5257,50
5258,30
5259,88
5260,16
5261,68
5262,63
5263,88
5264,51
5265,49
5266,32
5267,2
5268,61
5269,20
5270,75
5271,18
5272,82
5273,36
5274,57
5275,22
5276,58
5277,62
5278,43
5279,18
5280,16
5281,75
5282,10
5283,20
5284,3
5285,16
5286,50
5287,42
5288,13
5289,22
5290,54
5291,18
5292,48
5293,12
5294,57
5295,18
5296,23
5297,93
5298,42
5299,4
5300,40
5301,32
5302,71
5303,18
5304,32
5305,61
5306,18
5307,45
5308,57
5309,76
5310,23
5311,20
5312,22
5313,23
5314,89
5315,27
5316,75
5317,50
5318,26
5319,16
5320,85
5321,48
5322,90
5323,60
5324,69
5325,41
5326,15
5327,100
5328,52
5329,65
5330,77
5331,72
5332,34
5333,39
5334,38
5335,13
5336,19
5337,84
5338,13
5339,64
5340,6
5341,44
5342,79
5343,63
5344,17
5345,74
5346,55
5347,100
5348,47
5349,18
5350,21
5351,73
5352,22
5353,31
5354,19
5355,48
5356,46
5357,44
5358,50
5359,16
5360,74
5361,87
5362,10
5363,8
5364,49
5365,68
5366,9
5367,6
5368,31
5369,33
5370,16
5371,39
5372,41
5373,26
5374,62
5375,82
5376,11
5377,77
5378,94
5379,60
5380,46
5381,19
5382,85
5383,85
5384,83
5385,95
5386,25
5387,95
5388,54
5389,74
5390,99
5391,24
5392,96
5393,3
5394,91
5395,53
5396,96
5397,7
5398,66
5399,46
5400,46
5401,57
5402,42
5403,55
5404,41
5405,68
5406,65
5407,44
5408,49
5409,45
5410,98
5411,52
5412,13
5413,80
5414,60
5415,77
5416,81
5417,49
5418,5
5419,79
5420,71
5421,36
5422,27
5423,9
5424,16
5425,20
5426,57
5427,5
5428,93
5429,19
5430,3
5431,1
5432,93
5433,46
5434,51
5435,17
5436,19
5437,94
5438,63
5439,25
5440,97
5441,58
5442,16
5443,87
5444,25
5445,52
5446,80
5447,47
5448,42
5449,87
5450,76
5451,55
5452,69
5453,24
5454,15
5455,33
5456,5
5457,22
5458,96
5459,52
5460,40
5461,45
5462,10
5463,97
5464,86
5465,2
5466,48
5467,38
5468,44
5469,3
5470,67
5471,8
5472,88
5473,14
5474,29
5475,5
5476,36
5477,36
5478,90
5479,90
5480,45
5481,48
5482,3
5483,28
5484,70
5485,43
5486,65
5487,64
5488,52
5489,69
5490,27
5491,22
5492,61
5493,13
5494,14
5495,49
5496,50
5497,96
5498,82
5499,59
5500,5
5501,32
5502,4
5503,80
5504,5
5505,92
5506,1
5507,84
5508,49
5509,3
5510,28
5511,64
5512,71
5513,5
5514,8
5515,50
5516,82
5517,36
5518,8
5519,21
5520,55
5521,6
5522,26
5523,15
5524,44
5525,44
5526,82
5527,16
5528,93
5529,54
5530,60
5531,36
5532,29
5533,3
5534,55
5535,6
5536,19
5537,46
5538,37
5539,27
5540,87
5541,71
5542,73
5543,18
5544,65
5545,30
5546,86
5547,27
5548,27
5549,70
5550,36
5551,38
5552,71
5553,48
5554,31
5555,72
5556,51
5557,1
5558,1
5559,8
5560,2
5561,18
5562,27
5563,47
5564,33
5565,20
5566,9
5567,8
5568,90
5569,12
5570,9
5571,14
5572,27
5573,53
5574,66
5575,3
5576,51
5577,95
5578,62
5579,26
5580,87
5581,39
5582,57
5583,43
5584,73
5585,66
5586,22
5587,97
5588,36
5589,3
5590,85
5591,54
5592,33
5593,45
5594,83
5595,30
5596,7
5597,29
5598,92
5599,7
5600,44
5601,29
5602,61
5603,42
5604,46
5605,47
5606,9
5607,50
5608,3
5609,72
5610,51
5611,87
5612,80
5613,51
5614,13
5615,46
5616,39
5617,53
5618,11
5619,80
5620,81
5621,68
5622,54
5623,60
5624,68
5625,41
5626,37
5627,93
5628,6
5629,10
5630,76
5631,1
5632,37
5633,36
5634,18
5635,61
5636,85
5637,50
5638,8
5639,91
5640,17
5641,37
5642,93
5643,90
5644,31
5645,86
5646,98
5647,15
5648,25
5649,12
5650,3
5651,5
5652,33
5653,40
5654,46
5655,57
5656,43
5657,46
5658,64
5659,31
5660,64
5661,53
5662,52
5663,35
5664,62
5665,80
5666,45
5667,25
5668,94
5669,81
5670,78
5671,16
5672,90
5673,33
5674,46
5675,49
5676,38
5677,21
5678,74
5679,7
5680,37
5681,86
5682,63
5683,51
5684,81
5685,94
5686,23
5687,29
5688,16
5689,48
5690,31
5691,21
5692,56
5693,49
5694,8
5695,11
5696,75
5697,84
5698,8
5699,43
5700,53
5701,71
5702,60
5703,52
5704,79
5705,10
5706,55
5707,46
5708,7
5709,48
5710,42
5711,26
5712,70
5713,53
5714,11
5715,39
5716,9
5717,21
5718,17
5719,50
5720,34
5721,94
5722,6
5723,21
5724,43
5725,33
5726,97
5727,65
5728,8
5729,5
5730,11
5731,26
5732,16
5733,67
5734,42
5735,74
5736,83
5737,14
5738,30
5739,58
5740,10
5741,31
5742,8
5743,47
5744,40
5745,42
5746,30
5747,6
5748,52
5749,54
5750,30
5751,91
5752,42
5753,99
5754,47
5755,98
5756,5
5757,9
5758,33
5759,41
5760,71
5761,53
5762,59
5763,26
5764,43
5765,81
5766,45
5767,81
5768,36
5769,94
5770,7
5771,66
5772,25
5773,40
5774,71
5775,78
5776,36
5777,91
5778,12
5779,27
5780,99
5781,21
5782,12
5783,82
5784,52
5785,48
5786,50
5787,38
5788,22
5789,4
5790,88
5791,39
5792,94
5793,84
5794,16
5795,75
5796,43
5797,52
5798,17
5799,10
5800,10
5801,41
5802,94
5803,41
5804,6
5805,17
5806,94
5807,89
5808,8
5809,49
5810,48
5811,32
5812,13
5813,26
5814,42
5815,29
5816,85
5817,17
5818,40
5819,81
5820,40
5821,3
5822,13
5823,27
5824,27
5825,47
5826,91
5827,12
5828,55
5829,78
5830,46
5831,1
5832,50
5833,17
5834,30
5835,19
5836,12
5837,48
5838,75
5839,16
5840,7
5841,26
5842,40
5843,15
5844,29
5845,61
5846,34
5847,10
5848,51
5849,23
5850,52
5851,72
5852,70
5853,56
5854,30
5855,63
5856,44
5857,24
5858,93
5859,71
5860,78
5861,31
5862,23
5863,72
5864,20
5865,12
5866,3
5867,82
5868,78
5869,44
5870,66
5871,39
5872,10
5873,19
5874,92
5875,75
5876,14
5877,4
5878,20
5879,32
5880,19
5881,62
5882,55
5883,77
5884,33
5885,85
5886,11
5887,45
5888,33
5889,62
5890,16
5891,39
5892,45
5893,11
5894,84
5895,6
5896,34
5897,6
5898,29
5899,67
5900,36
5901,45
5902,77
5903,16
5904,81
5905,92
5906,82
5907,35
5908,61
5909,86
5910,36
5911,61
5912,20
5913,56
5914,20
5915,19
5916,59
5917,15
5918,72
5919,2
5920,11
5921,15
5922,43
5923,40
5924,35
5925,30
5926,24
5927,64
5928,45
5929,81
5930,12
5931,39
5932,33
5933,81
5934,33
5935,35
5936,7
5937,40
5938,50
5939,25
5940,62
5941,9
5942,88
5943,93
5944,20
5945,51
5946,94
5947,71
5948,86
5949,9
5950,89
5951,11
5952,60
5953,19
5954,90
5955,27
5956,43
5957,99
5958,26
5959,51
5960,84
5961,36
5962,13
5963,38
5964,26
5965,32
5966,40
5967,86
5968,84
5969,39
5970,29
5971,39
5972,50
5973,52
5974,90
5975,41
5976,97
5977,37
5978,45
5979,38
5980,31
5981,26
5982,63
5983,66
5984,95
5985,60
5986,14
5987,40
5988,3
5989,13
5990,5
5991,36
5992,44
5993,19
5994,21
5995,19
5996,31
5997,69
5998,24
5999,53
